v_1,v_2,v_3,v_4,v_5,v_6,v_7,v_8,v_9,v_10,v_11,v_12,target
-0.79138,-1.45877,-0.61498,6.39546,-0.19283,-4.92609,3.72728,2.36581,0.60241,2.85597,2.52876,2.09155,0
0.79527,-0.14828,0.4914,0.10649,4.32203,-1.55355,-0.62966,-0.27509,4.063,-1.11079,3.61077,1.11076,0
-2.30926,1.59887,1.23513,-4.49395,0.50298,4.10219,0.48356,-0.5192,-1.59507,1.75719,-1.71703,0.92375,1
1.97998,-2.71683,-0.73252,3.08358,3.52049,-0.61567,-0.06206,1.33451,0.75546,-1.56391,1.00917,1.66555,0
-1.22339,2.38761,-2.15763,-1.91316,1.31427,0.18067,-2.20922,1.43218,1.05498,0.18525,2.91384,-0.03258,1
-0.43255,1.06113,-1.46079,-2.6322,-0.95041,-0.1513,-2.08369,-1.12589,1.84527,0.13652,0.87468,-3.50186,1
-2.84588,2.53988,-3.12205,4.5844,-2.77519,-1.49937,-0.45522,-0.15879,-1.14555,-3.06349,4.83793,-1.90034,1
1.02545,-1.69814,-1.86135,2.64611,2.3173,-1.51769,-1.08802,0.54198,0.27032,-0.63032,1.10487,1.16219,0
2.53783,-4.16403,-3.15361,5.65503,3.291,-3.62068,-0.93823,0.11281,0.38748,-0.45106,2.0151,1.97657,1
3.01026,-1.45986,1.88895,0.04753,6.83534,-1.30859,-0.15093,0.65411,5.55042,-2.05207,4.06014,2.62949,0
2.50516,-2.2626,-4.02197,1.51154,3.91038,-2.86663,-2.42379,-0.46373,2.98428,-0.1862,5.60328,0.41137,0
-0.85448,-1.3773,0.61317,1.65993,0.87397,-0.76748,1.11155,-3.48316,1.87213,-0.99144,1.47374,-1.64249,0
0.9531,1.64869,-0.01028,-3.53827,-1.19937,1.25186,-1.53625,1.70477,1.30132,-0.65356,-0.15352,-2.39705,1
-1.69776,-2.49249,-3.54369,1.41658,4.29958,-0.12261,-0.51879,1.03784,0.19269,2.926,0.75629,0.88674,0
0.00086,-3.44033,-1.70783,3.9858,4.73039,-2.4116,-0.09615,-1.98527,0.34019,1.05749,1.27867,3.10968,0
2.11501,-2.94094,-0.43237,4.56908,-2.86772,-3.32124,3.5552,-0.23128,-0.69478,1.79384,1.82617,0.39782,0
-1.1286,0.16432,-1.26871,1.45351,0.33709,-1.91639,0.33996,2.7564,1.2496,1.81634,0.57723,-0.56695,0
-0.95634,2.20695,-1.64564,-4.7978,2.73107,1.11436,-3.99129,3.51836,1.93281,1.39542,-1.50123,-0.87632,1
-0.15192,-3.22135,-2.81036,3.95467,4.8953,-2.02517,-0.65888,-0.99652,0.06754,0.97616,1.82791,2.91313,0
0.9121,-2.47053,-1.29423,5.15317,-0.89407,-2.16837,2.48931,1.3716,-1.76438,1.09662,1.13636,1.71539,0
-3.90391,-1.30061,-0.0371,5.26163,5.12809,-3.7465,2.3039,-1.71041,2.65032,1.9367,3.09757,2.68013,0
3.30026,-0.8837,-5.99513,-0.68821,-1.81521,-1.54394,-4.7831,-0.49917,-2.27128,0.56141,1.79242,-0.49073,0
-0.47904,-0.88916,-1.92325,3.41985,3.51625,-1.09015,-1.02672,1.44939,0.36009,-1.2425,1.64079,1.67312,1
-3.58561,0.31375,-3.19998,2.7538,9.73585,0.18056,-5.63478,-0.03442,1.83007,-4.07287,1.009,2.06825,1
1.6837,2.88594,-1.57963,-7.67288,-2.87362,1.19102,-3.56499,2.6827,-0.0835,2.96752,-1.65038,-1.76829,1
-3.04313,0.06784,0.80954,0.33635,2.85406,0.54308,0.09559,0.28606,1.47857,0.27793,-1.93685,-0.65139,1
-0.4945,-2.89109,-1.35428,0.58808,6.89666,-0.63052,-2.27496,-1.16137,1.38258,1.24814,-1.54991,2.34681,1
3.31732,-2.45813,-3.0013,2.71835,-1.04713,0.60813,-2.00134,-0.56913,-4.14449,-2.62505,-0.29908,1.13053,0
1.09002,-1.13065,-1.6899,-0.91722,2.71044,-0.80454,-2.63308,1.47763,1.25051,0.94795,-1.3582,0.06735,1
-2.57744,2.03184,2.69313,0.98818,2.32147,-2.18988,0.49253,-2.65334,2.9496,-1.07143,1.71814,1.25061,1
1.37756,1.0907,-0.60901,-1.94136,1.6213,0.17895,-2.39837,1.22424,0.98561,-1.02383,1.03971,0.83564,0
0.99299,-0.16966,0.47425,-4.26305,-0.78453,4.14716,1.19927,-1.01519,-2.80489,1.77139,0.1467,1.8754,1
-1.66604,0.08491,-4.70025,2.12855,2.29005,-0.03603,-3.37014,2.75271,-1.17586,-0.6516,0.319,-0.18415,0
-0.90077,2.69697,-1.42867,1.4638,-2.54586,-4.87243,-0.79235,1.4474,0.9766,1.90159,2.14283,0.07027,0
-3.07887,1.32273,-1.97169,-0.03204,-0.0429,0.59354,0.41147,0.96075,-0.74845,1.9236,1.71683,-0.15812,0
0.74772,-1.84998,2.06101,1.6034,3.62153,1.65448,0.58056,1.01446,1.00933,-2.96093,-1.76589,0.7047,0
1.39462,-2.26179,-3.174,2.18299,2.33173,-0.33415,-1.01938,3.89409,0.03035,0.24347,0.55133,0.23744,1
-3.63054,1.03608,-0.29211,1.96532,3.27414,-0.62893,-0.39746,-0.25012,0.50651,-0.1046,0.49155,1.56136,0
-0.44495,-0.99086,-3.14689,1.94778,0.22779,-0.6304,0.43441,2.23373,-0.9538,1.92682,1.99737,0.41125,0
1.30404,-1.45415,-1.23179,2.2122,4.26922,-1.63457,-1.18036,1.32182,2.02013,-1.09024,2.2047,1.74725,0
-0.34856,1.38927,-1.90428,-4.29452,-0.46545,0.68553,-2.35114,1.14738,1.27508,1.91474,-0.05283,-2.51387,1
-1.24536,-0.83977,-1.74318,4.94846,-1.06182,-0.31694,1.82261,2.19309,-3.01062,-0.06914,0.49782,1.17563,0
-1.85822,1.48647,0.94521,3.9318,0.23959,-1.82082,0.55814,1.61268,-0.14472,-1.77442,-0.1716,1.28699,0
-2.08071,1.83274,1.27649,-1.67945,0.38214,-0.58585,-0.60171,0.10956,2.45995,0.44918,-1.24494,-1.85506,1
-1.18836,-0.44711,-5.34638,3.93869,2.354,0.52225,-1.13841,3.25477,-1.9686,-0.96963,4.45328,1.43387,1
2.30552,-3.82414,1.97019,4.50934,5.92354,-1.09967,1.14756,1.31243,3.53393,-3.38397,0.29202,1.36376,0
0.43724,-1.69924,-2.63648,1.89908,2.50389,0.03758,-1.61225,2.17759,-0.39071,-0.45401,-0.28745,0.32584,1
0.81384,1.30681,1.12619,-4.12364,-3.0165,3.20915,0.39681,-1.13229,-2.51196,0.37053,-0.90097,0.12801,1
2.5804,-1.58335,1.27039,2.35507,1.94666,-0.87,0.4202,2.56594,0.07257,-1.30214,-1.2044,2.66504,0
1.25071,-2.46126,-1.43819,4.22838,-0.20826,-1.21725,1.16782,0.69406,-1.58055,-0.24717,0.70423,1.06891,0
-0.32947,-1.11997,-2.37391,0.44661,0.10015,1.68297,-0.28491,-1.13113,-2.39522,0.15103,1.04374,0.34017,0
3.4681,-1.84682,1.02895,0.66159,7.05946,1.29914,-1.36811,4.11082,2.32224,-3.48691,0.43049,3.50464,0
-3.1046,-1.21511,-0.00673,5.15244,4.14408,-2.58719,2.17286,1.19587,1.81852,1.19174,1.27841,1.96011,0
-0.14341,-1.29667,-0.22261,4.74745,1.7679,-2.62377,0.42476,1.09698,-0.08915,-0.51596,-0.33072,2.0505,0
-2.07667,-1.87489,-0.91785,5.99422,1.9711,-1.87476,1.72643,-1.09519,-0.8478,-0.28147,1.27668,1.81539,0
-1.96801,-0.6506,-1.70501,3.64507,-0.42848,-0.28504,1.15061,0.59107,-0.63781,-0.56664,1.27637,-1.34695,1
-3.56919,0.19454,1.49271,5.41888,5.57,-2.06885,0.29347,0.8784,0.20256,-1.08727,-1.53934,4.67256,0
-0.34302,-1.56862,-0.26669,4.11327,3.84985,-1.5893,0.37993,1.28961,1.87783,-1.50627,1.30622,1.05662,1
3.03656,-0.07897,1.08219,0.89535,1.70763,-2.09112,-0.79137,2.3641,0.04471,-0.31748,-0.39581,4.29601,0
-1.87903,4.09465,0.75266,-6.40377,-0.14468,-0.00373,-3.48962,1.13145,2.44748,2.01918,-2.98871,-1.99514,1
0.68472,1.27551,-5.3137,-1.38167,0.24707,-2.12877,-4.27407,-0.13569,0.59424,1.02045,4.63373,-0.41056,0
-1.24569,0.1714,-1.23032,3.65291,-0.72786,-3.06986,0.65565,1.13686,0.12813,0.86457,1.13413,0.16889,0
-0.42091,-1.39145,0.29897,5.34158,-0.87375,-3.44911,3.83075,1.35288,-0.14601,1.9367,1.67645,1.81805,0
-0.31421,5.06816,4.61932,-6.46355,-4.22063,3.90061,0.75277,-0.59133,-2.24436,-0.62962,-1.91235,1.19201,1
0.15164,0.85789,0.05166,0.27281,2.63476,-0.57808,0.39897,2.19448,2.29235,-0.40522,3.68823,1.55262,1
1.57729,0.55897,-1.392,-6.83981,-0.16932,4.45435,-1.01302,2.73374,-1.79661,3.15721,-0.59424,0.7425,1
1.74159,1.92672,5.36098,-3.4353,1.08571,1.68783,1.00986,0.77643,1.70323,-1.84065,-1.11967,2.23784,0
-2.07892,0.40194,-0.60814,3.8582,-0.13518,-0.72592,1.41683,0.40078,-2.20957,-0.10632,1.04166,2.22115,0
-2.58222,0.48782,-0.93465,3.25881,0.72361,-2.48423,2.01899,1.1726,0.97794,1.88467,3.12104,0.95429,0
2.89048,-0.65195,1.21194,-0.45321,0.56289,-0.77707,0.15242,0.12019,0.92748,-0.54084,0.8385,1.54717,0
-2.3348,0.91926,2.38711,-0.09809,2.29908,-1.25742,-0.03107,2.13812,3.19589,0.70559,-3.56409,-0.9812,1
2.97457,-5.26072,-2.81716,6.33497,7.77184,-2.49975,-0.9949,3.03171,2.22305,-1.75308,2.29796,3.0606,0
1.1347,0.62739,-2.59974,0.38712,-2.41267,-0.30011,-1.43463,4.42503,-1.80905,0.44945,-0.87372,-0.73617,0
0.00218,2.37277,-0.49438,-4.49591,-0.95958,0.61192,-2.85034,0.21791,1.68594,-0.08174,-0.36337,-2.73687,1
-1.63177,1.5304,-1.39404,-4.91148,1.84946,0.59609,-3.20798,1.12892,2.01496,2.65281,-1.88078,-1.77348,1
-0.94696,0.35156,-2.44794,0.0181,-0.13903,0.69707,-0.54547,3.28266,-1.45197,1.65588,-0.2366,0.09153,0
-1.03882,0.10224,-1.56198,-0.99143,1.01767,-0.88856,-1.7673,0.80433,2.78181,0.68052,-0.1548,-3.24926,1
1.50626,-2.45801,-2.78791,3.09129,-1.3631,-0.48142,0.89501,0.55923,-2.81777,0.82771,1.24236,0.88121,0
0.25876,2.39011,6.31435,-1.14865,1.36889,1.01647,2.06021,2.23094,1.37102,-2.06086,-2.27625,3.12039,0
2.37098,0.02601,3.18879,2.01464,0.49815,-3.11709,1.35048,1.99436,0.96198,-0.09223,-0.96385,3.65018,0
0.44458,-0.84553,-1.61602,-1.509,1.62495,0.5441,-1.38589,2.02107,1.43683,0.955,-0.49081,-1.54527,1
-0.88231,-2.44903,-2.53411,4.76295,1.87651,-1.25267,1.69358,1.86362,-1.05094,1.56178,1.74337,1.75162,0
-0.88246,-2.51652,-2.59341,3.67407,-0.01483,-0.93606,2.60221,1.56854,-1.36216,2.99323,1.65617,0.61021,0
-0.9469,0.17309,0.08339,3.24177,-2.44186,-0.26526,2.11066,0.37317,-2.21995,-0.58737,0.44366,0.39479,0
-1.27218,-2.83914,-2.16452,1.52804,6.09945,0.61307,0.17158,4.94971,2.52939,1.94895,-0.42914,-0.18978,1
-0.1206,-2.00199,-3.85182,-1.77588,2.46701,2.309,-2.06962,-0.63093,-1.47735,1.75021,0.26661,0.04581,0
3.73751,0.03427,-2.75593,1.50718,-4.77529,-0.07025,-2.92775,2.20072,-3.11799,-3.67842,-1.09146,-2.23036,0
-1.40604,1.06254,-1.58247,3.21519,-4.04582,-1.31543,2.06794,4.66428,-1.92718,1.58121,0.18737,-0.95683,0
-0.59282,0.55997,5.46257,-0.08437,1.17613,0.1229,3.11122,-2.14469,1.87415,-1.04015,-0.50436,1.75351,0
0.78443,-0.73424,1.251,2.42029,2.7394,-0.97474,0.40311,2.19237,1.29491,-1.49432,-0.29216,1.79115,0
2.52772,-1.3278,1.51974,1.09496,0.69794,-2.04866,0.87392,-1.94096,1.69521,-0.80875,1.84545,1.26347,0
2.865,-2.05715,-2.79371,3.39157,-1.65349,-0.36943,-1.58952,1.54115,-1.89669,-2.97346,-0.27921,-1.51735,0
-1.34829,-1.62843,-7.02292,1.04652,5.81044,1.38621,-4.8358,1.04859,-0.94303,-0.37719,2.4316,0.55663,0
3.34903,-0.42453,-2.07079,-3.93096,1.78668,2.69829,-2.97354,4.80428,0.94041,-0.67338,-0.23805,-1.09607,1
-3.59798,0.19714,-1.02037,1.88343,1.89779,-1.51953,0.00357,-2.40214,2.17114,0.21762,2.03391,-1.61402,1
-2.80277,1.81948,0.41478,2.02366,0.97201,-3.45307,-1.44024,1.18248,4.52686,-1.39497,-0.6272,-3.6181,1
3.29074,-2.26109,-1.6366,2.08748,3.5498,-1.45692,-1.72515,2.03548,0.91699,-1.30933,1.31888,2.21284,0
1.07808,-4.4444,-1.26523,3.03674,8.49674,0.58408,-1.09765,-1.12851,4.37728,-3.84878,3.14624,-0.42755,0
-1.67166,-1.31531,0.23763,6.97951,4.54079,-4.50918,1.13564,-0.03863,1.41194,-0.38109,1.71287,3.99535,0
2.51133,-0.22852,2.49709,-3.17761,6.86627,2.19575,-0.74027,0.99613,5.0552,-3.11931,3.28948,1.69671,0
-1.87162,2.40785,-2.07617,-6.29483,0.34016,1.47723,-4.28783,-0.98678,0.96869,1.98589,-1.41617,-2.67986,1
0.36971,3.7302,6.13535,-4.69378,0.69227,2.90008,0.53107,2.02307,1.18914,-2.17577,-2.81106,2.04525,0
-0.16274,1.91538,1.43884,-5.8992,-3.03263,3.57718,0.66638,-2.39708,-2.04752,1.69959,-0.48066,-0.08191,1
-5.89456,-0.92496,-1.48939,3.5105,4.63758,0.20118,2.51603,0.21728,0.26153,2.84585,1.73847,1.59372,0
-1.27663,0.72731,-7.48858,-2.69904,2.39298,-0.75684,-5.29119,-3.3212,2.33022,0.85979,7.63903,-2.9661,0
1.00787,-4.3085,-4.3154,3.8822,6.62657,-1.92008,-4.13926,1.94491,0.08379,0.07552,-2.60718,1.81529,1
-0.85285,1.82875,-0.59321,0.47869,-1.86384,-1.51027,-1.09482,1.00895,-0.32359,-0.00837,-0.57749,-0.67455,0
0.51134,-3.86555,0.06167,7.37363,3.90879,-4.1,2.11372,-3.28776,-0.15764,-0.17602,2.44129,4.93961,0
0.65529,-2.07831,-2.55814,0.92187,0.25697,1.16607,-0.1849,0.4503,-3.36189,1.50397,-0.66453,1.74067,0
3.55948,1.49721,1.75014,-0.14675,-5.57162,-4.3657,0.35296,0.27409,-0.70122,1.39095,-0.70982,1.34106,0
-0.12627,-1.88278,-0.0077,5.36452,-0.07342,-3.55057,3.6097,1.42245,-0.52066,2.54102,1.44358,2.87015,0
3.10502,-4.97495,-2.25725,3.68835,7.33781,0.26584,-1.33825,1.38773,2.17741,-3.10137,2.25558,1.37584,0
2.62116,1.35547,0.59261,-3.26376,0.38405,1.83357,-2.01549,2.24384,-0.79955,-1.25114,-0.80717,1.87098,0
-0.1926,2.34833,0.41523,-7.33462,-0.451,3.12477,-0.91024,0.37414,-0.72261,3.30182,-0.69456,0.92907,1
-1.19835,-0.59381,-3.93748,3.70113,2.11403,-2.65273,-1.59642,2.22235,1.21201,0.14168,2.4842,-0.61718,0
-0.91322,-0.5876,-3.92071,-0.16481,-1.23259,2.39027,-0.10512,1.93382,-3.70891,2.09069,0.49364,-0.02519,0
3.88396,-0.13219,4.19774,-2.13794,3.33569,0.81091,0.35663,0.38127,1.92003,-2.17809,0.39691,4.01945,0
-0.08683,2.6084,0.59677,-4.8825,-1.48173,2.25562,-1.48687,-0.30637,-0.41406,0.04855,-0.54029,-0.69887,1
-6.62532,0.17107,-4.72154,11.18665,7.9751,-1.84338,-2.66823,-0.64946,0.21983,-6.78282,5.17769,1.69108,1
3.81221,3.86754,5.28289,-7.89313,-2.42877,3.25428,-0.29244,0.36894,-0.81612,-1.06822,-1.44656,3.01961,0
0.59363,-1.56681,-3.03392,-2.72133,1.84847,3.78574,-0.92767,2.45175,-0.7347,1.24772,0.47619,-1.01081,1
0.73936,-1.16801,-1.93529,1.36936,0.43898,-0.20697,-1.10704,0.45947,-0.49573,-0.73915,0.26758,-0.49899,0
-2.63973,0.80135,-2.66598,0.96963,1.56286,0.81058,-1.2208,3.07011,0.01703,-0.01996,0.37659,-1.1818,0
-3.78661,-1.71902,-1.83177,1.54355,6.23581,0.29065,-0.30591,-1.49577,0.47624,2.11035,0.4874,2.22121,0
-4.31536,0.35922,-0.73131,2.8954,4.52418,-0.79261,-0.39819,0.9106,1.27167,0.08127,-0.14006,0.92264,0
-0.43013,2.07344,-0.36948,-7.54963,1.3886,3.08121,-1.82714,1.90901,-0.26862,4.02676,-1.37733,1.41884,1
-1.07242,1.23686,2.02709,-3.30344,-1.23505,3.43314,1.79059,-1.46387,-2.7509,1.46003,-1.0714,2.02646,1
1.4694,-2.01517,5.33464,0.83624,9.95266,3.24543,1.10933,2.77563,4.28426,-5.26895,-0.94716,3.7197,0
-4.14406,1.08529,-3.16526,0.19688,1.93367,2.31731,-1.04478,3.65832,-1.57855,1.36916,-0.72684,-0.33441,0
1.76571,-2.58534,-2.96184,4.8128,2.35413,-3.31565,-0.95966,2.44971,0.54636,-0.119,1.46102,1.32991,0
2.75342,-3.50948,-4.45607,6.74808,-0.09268,-4.96866,-1.25662,2.70451,-0.81266,0.28148,0.64351,0.46297,0
-1.24336,0.33694,0.37049,-0.69607,1.3674,2.59844,0.33584,1.49182,0.06988,-0.98581,-0.47737,-0.58397,1
3.59395,-3.86002,-3.28001,5.50798,2.88545,-3.67152,-1.07323,3.69783,1.83424,-1.11106,1.98812,0.34086,0
0.21101,-1.92412,-0.64357,4.03931,5.09539,-0.45698,-0.42008,3.81742,1.54171,-2.16631,-0.11009,1.33949,0
-2.41567,6.26433,5.32787,-6.90771,-4.34113,-1.41365,-1.72808,-0.46071,2.49241,1.75998,-6.35541,-2.71031,1
-0.17935,3.35025,0.25983,-6.21938,-0.51334,0.07839,-2.95224,0.80458,1.81991,1.94706,-1.03384,-0.95977,1
-1.51988,3.73591,5.9904,-1.19686,-1.9807,0.86629,2.52036,0.17896,0.57171,-1.95791,-1.7997,0.84466,1
-0.18319,-0.84164,-2.64632,0.76238,4.63198,0.34516,-2.41163,0.40361,1.71494,-1.70785,2.7472,0.12522,0
1.46332,-1.03817,-2.93914,3.89573,-3.04399,-4.06624,-0.42902,1.24668,-1.70177,1.44335,0.41199,0.15889,0
-1.67158,-3.24484,-1.7129,7.73448,3.0504,-3.73889,1.06956,0.51942,1.3263,-0.38122,0.40587,-0.10633,0
-0.3441,3.12535,0.46129,-4.79377,-2.10796,1.23202,-1.9374,1.11087,0.52343,0.3731,-1.40729,-1.98766,1
-2.52551,0.14446,-8.06728,5.4152,1.0921,0.77487,-2.14057,3.99161,-2.66346,-2.16659,5.87293,-0.94003,1
-0.8359,-1.85613,0.40197,5.87013,-1.80911,-3.43937,5.59846,0.36349,-1.5289,3.5506,2.32299,3.04202,0
-3.37011,2.22526,-1.71797,-0.75388,1.87634,-0.17158,-1.48927,1.31659,1.16197,1.04585,1.26698,-0.37674,0
-1.44008,1.30735,-1.39922,2.22382,-0.77927,-2.19131,-0.84933,1.79184,-1.05615,0.74353,-0.42902,0.88512,0
-1.15207,-0.26028,-0.61878,2.37053,-0.6471,-0.86608,1.3193,-0.04611,-0.941,0.67151,0.88539,0.52757,0
0.03269,0.92117,-0.31655,-0.75755,2.69703,-0.27048,-1.64181,0.25233,1.18551,-0.70928,1.53129,1.5864,0
3.02009,-3.09317,-2.69289,6.99248,-1.36955,-5.16123,0.14789,2.78505,-2.48533,1.1025,-0.76143,2.70065,0
1.09902,-3.45987,-4.9579,2.37911,-3.65321,0.8139,1.92627,2.23393,-3.92476,3.26056,0.97223,-1.69382,0
-0.91072,-2.17811,-2.01784,5.72292,2.60019,-3.24233,0.15917,1.32044,1.67372,-0.41338,1.18968,-0.35405,0
-0.08412,-0.85761,-3.01924,4.2976,2.25473,-4.29129,-1.45026,1.526,0.45551,1.03452,1.82667,2.18591,0
-2.44985,-1.49602,-3.39648,6.81147,3.84307,-1.35334,-2.40603,0.32231,-0.13149,-3.9151,0.37253,-0.64653,1
0.12346,1.06398,0.97134,-3.63247,2.7849,2.09725,-1.36753,-1.79234,3.24153,-2.30029,2.54581,-1.32891,0
-0.75278,-0.53057,-3.03491,0.27688,-0.82866,2.35675,-1.11787,1.02981,-2.29659,-0.63851,-0.32486,-1.88039,0
0.70007,0.2951,-2.07566,-2.94828,-0.23487,1.1768,-1.25246,0.08567,1.0875,0.51736,2.5175,-2.10779,1
-1.03617,2.16015,2.69282,-0.9222,1.76782,-1.73917,-0.50416,-1.75428,3.06922,-0.98317,0.80625,0.81488,1
0.35378,-1.26115,-5.25031,-4.87828,2.44301,3.52403,-2.7537,1.07422,-0.57739,3.06977,2.00059,-1.01655,1
-0.50839,-0.72627,-0.21897,5.1618,-2.10709,-2.76076,2.90639,1.06843,-1.04722,0.64496,1.33347,0.81682,0
3.18989,-5.48883,-0.36312,3.56428,8.46592,1.73833,-0.78452,0.81116,1.29508,-3.968,0.14242,2.83459,0
0.40212,3.32657,-1.248,-6.16971,-2.87541,-1.61285,-4.14769,0.11562,2.68433,1.97173,-0.73576,-4.05812,1
2.51881,-4.58325,-0.82708,3.73288,7.28676,0.61306,-0.64092,1.09634,1.8921,-3.32194,1.16893,1.95045,0
3.80987,-0.91404,-4.35112,-0.35442,3.37824,-0.02409,-4.94116,4.39816,-0.35472,-1.42049,1.03472,1.84831,0
3.14257,-0.75261,2.13959,-0.99627,4.88525,1.40456,-1.3495,2.48844,1.68386,-2.96036,-0.88205,2.95298,0
0.63764,0.14997,-2.07136,-6.45017,1.0776,5.17847,-0.99607,2.10003,-2.46414,3.37628,-0.18708,1.50415,1
0.2976,2.51711,-1.21265,1.27169,-7.14496,-0.84811,1.87643,4.35773,-2.25749,0.57511,1.59547,-1.93905,0
3.02729,-0.55384,1.2004,1.32078,1.62728,-1.24235,-0.84866,3.30312,0.28105,-1.489,-1.65313,2.68098,0
1.84373,1.62133,2.58369,0.51527,-4.5755,-3.59922,1.04295,0.49651,0.16075,0.58795,-1.33011,0.31568,0
-4.46593,1.45146,-1.60742,2.97239,-1.40217,0.02614,3.65236,4.34525,-1.60744,3.23903,2.06471,0.46583,0
-0.62368,4.77422,0.35934,-6.19676,-1.84242,-2.96231,-4.43753,2.47515,4.17955,2.46726,-2.8127,-3.41595,1
1.98753,0.31369,-1.36304,1.56752,-0.68244,-3.91057,-1.04183,2.29416,0.993,0.90608,1.52589,1.00165,0
2.23021,-1.04559,0.77532,-4.17114,2.04651,0.68128,-1.08826,2.21195,2.62559,1.94676,-2.34438,-0.76025,1
-0.35233,-2.00944,1.7392,3.323,5.77041,0.35558,1.08523,1.64304,2.10847,-2.34303,-0.32344,1.94302,0
-1.15532,2.72511,2.57261,-1.88265,-1.59903,2.09911,-0.16182,2.72428,0.03705,-1.8993,-3.45728,-1.69984,1
-1.05101,1.86724,2.08527,-1.91925,4.59102,-0.10538,0.89084,0.57877,3.14501,0.82791,3.65106,3.61829,1
1.23889,-3.21666,0.95335,7.80878,-0.5958,-4.83469,4.6561,-0.94368,-0.80927,1.09802,2.23316,3.67418,0
0.11766,0.10987,-0.28076,1.73546,-1.00518,-0.71649,-0.34319,1.44574,-1.9047,-0.12035,-1.97677,1.06305,0
-0.42209,-2.40293,0.14721,3.79258,6.6822,-1.81209,-0.84261,0.59391,2.41909,-1.22706,-0.60932,2.36014,1
-4.13141,-0.51293,-1.95756,5.72954,1.43747,-1.69668,3.74691,3.35675,-0.90163,3.12956,2.77259,2.23943,0
2.85964,0.71661,3.36659,-1.88449,1.99749,0.36111,-0.14746,1.3993,1.38477,-1.64802,-0.49138,3.00639,0
-1.44775,-2.07645,-5.18614,1.18725,-1.14927,1.81993,1.68516,3.37977,-3.18811,4.31221,1.57564,-0.80523,0
1.78958,2.99579,-1.96899,-3.80348,-0.22925,-1.66927,-3.32632,1.15055,1.95024,0.60593,4.05518,0.41818,0
0.92199,-0.59237,2.83473,3.52603,4.00979,-1.70414,1.36419,3.85781,2.21776,-1.79076,-0.58086,3.26328,0
-1.07417,-0.03089,-2.91995,1.57315,2.26797,-2.04533,-1.58137,-0.95823,1.27113,0.30099,3.67492,0.35044,0
0.5612,1.19665,-0.81763,1.09126,-0.87873,-3.81798,-0.55074,0.39133,1.60392,0.84641,2.71839,0.45973,0
1.8774,-4.16646,-1.08308,4.10921,4.17706,-0.17547,-0.75979,0.38091,0.80562,-2.83244,-0.70647,0.08344,0
0.13806,-2.45427,0.77332,6.87171,-0.76104,-2.59306,3.66224,-1.61039,-1.30152,-0.91167,1.57641,1.89747,0
1.67932,-2.06867,-3.75648,0.2566,-1.27141,2.50609,-1.42123,1.30629,-4.3745,0.11572,-1.27006,-0.04077,0
0.12815,0.06032,1.64274,0.47974,3.12517,0.6084,-0.23856,1.68692,0.97775,-1.65876,-1.04947,1.74291,0
0.27105,2.24421,-1.04929,2.75524,-6.94477,-4.69906,-0.29445,3.1254,-2.56728,1.88791,-2.45535,-0.55558,0
-4.36166,2.13432,1.7576,2.99363,2.77723,-4.94427,-0.9219,1.74783,6.15464,-0.59174,-1.71763,-2.90403,1
-3.8672,-3.30809,-6.02017,9.67581,5.81055,-0.65977,-0.98164,1.40427,-2.32599,-2.16262,2.20423,1.66085,1
2.36792,-4.81375,0.45053,4.77281,5.69101,-0.48686,0.42674,0.81476,2.28137,-3.23412,-0.3681,0.77848,1
-0.09564,0.45469,2.00208,-1.63381,1.47915,2.08174,1.42822,2.57738,0.65297,0.25552,-0.73608,1.02412,1
-1.66955,-0.92446,-1.65952,0.0357,4.94041,0.4874,-0.16601,4.51162,2.88461,1.82818,0.54124,-0.39154,1
0.32448,-0.78582,-0.26714,0.11563,6.92545,-0.38535,-1.95922,1.70158,2.79105,-0.65326,0.9243,2.85785,1
-0.73607,-0.25778,-1.75172,2.70347,1.60425,-3.7706,-0.44932,-0.71089,2.01377,0.9097,3.23343,0.57403,0
3.4131,0.37939,7.0258,-0.71891,-1.13166,-1.82206,3.44228,-0.97194,2.93472,-1.27294,-0.54949,1.85182,0
2.58537,-2.40798,0.40775,0.39004,5.87527,1.66968,-1.08361,1.04131,1.73205,-2.99241,0.78533,2.06287,0
-0.87382,-3.85707,-2.15302,3.54023,3.4269,-0.93315,2.128,-0.79596,-1.1654,3.46897,1.40946,3.13348,0
-0.37534,-2.71449,-4.50293,2.12649,7.40689,0.69027,-3.51137,3.46542,0.26438,-0.2402,-0.26812,1.79618,1
-2.24263,-4.76176,-2.79069,6.2292,6.03599,-1.64672,2.11125,-0.75792,-0.15158,2.58247,2.05628,3.20971,0
-0.40467,-1.45059,-4.94159,-1.68756,3.67931,0.63959,-2.31803,2.23367,1.87728,2.4974,2.63417,-1.54696,1
-0.64866,0.69022,-0.61483,2.97332,-0.97617,-1.44412,0.57782,2.19024,-1.44977,0.01033,0.17943,1.41656,0
-0.31064,-0.03055,-3.71633,-6.79026,3.53879,3.33701,-3.29562,1.14563,0.54188,3.81811,0.66534,-0.24628,1
0.59066,-1.6722,-2.18366,3.08823,0.26017,-2.28525,0.57108,3.70765,0.24131,1.86225,0.24261,0.05189,0
0.41153,-2.72783,-2.64332,2.40391,7.56012,-0.21432,-2.18359,1.1289,3.72863,-2.41477,3.17975,0.02207,0
-2.6329,1.25625,0.22319,2.38345,0.83707,-3.56798,1.52492,3.00576,2.23361,2.78765,0.75951,0.73078,0
-1.244,1.47619,2.56804,0.68695,2.95336,0.15834,0.16041,2.62072,3.17013,-2.67874,-0.39466,-0.24402,0
-0.23129,-1.41869,-1.69749,4.90095,-0.93372,-1.43022,2.04659,5.37819,-0.83972,0.8255,-0.26658,-0.38875,0
-0.16578,-2.17512,-6.55295,3.055,3.20433,-2.30491,-3.17419,-0.07467,1.54656,-0.04197,4.82282,-1.63926,0
-3.24474,-0.57172,-2.09401,10.06778,2.0827,-3.9105,1.70934,-0.08928,0.30003,-3.07948,5.22433,1.30107,1
-1.1308,1.54132,-0.73496,2.93325,-2.9655,-2.00386,1.7313,3.40042,-0.87443,0.90995,1.30012,0.01314,0
3.66703,-0.44178,-0.76218,-7.42023,-0.05922,6.42532,-0.22844,2.67532,-2.98733,2.04676,0.00069,2.01776,1
-0.83744,-0.26627,0.04328,2.94674,0.60262,-1.66956,0.54848,0.92927,0.89137,-0.6647,0.15063,-0.23014,0
-2.83534,-1.35906,0.06633,2.3201,4.92764,-0.8026,-0.28914,-1.00919,1.93938,0.04157,-1.03976,0.45287,1
0.10918,2.21006,-0.4895,-0.31557,-2.61278,-1.126,-1.05198,2.37126,-1.29735,0.50016,-0.9516,0.37368,0
1.02319,-3.38134,-4.48756,1.14237,-1.52125,1.93319,0.95213,0.55394,-3.69808,2.32602,1.19811,-0.60923,0
-1.23029,-2.79445,-0.53347,7.26661,2.18945,-3.8671,3.25178,0.03668,0.46357,1.23488,2.24234,2.47655,0
-1.08892,-0.40952,-0.89678,2.58952,4.17601,-0.90051,-2.78918,-0.86493,0.32002,-2.53193,-0.86889,1.46475,0
-3.11289,0.90521,-0.86426,4.81547,1.45109,-2.4493,-0.00104,-1.33334,0.74046,-1.9529,2.68955,0.37134,1
-3.22272,-0.02286,-4.97768,3.57706,5.37932,0.52899,-2.69433,1.4813,-1.06594,-1.3399,3.26002,2.04236,1
-2.13863,-2.71694,-1.75303,4.23105,4.76125,-1.05689,0.9184,-2.31928,-0.51126,1.13736,1.99869,3.19603,0
0.1078,-1.7399,0.60421,4.94344,1.70071,-3.08332,1.28995,-2.12514,-0.76888,-0.16338,0.74258,3.7765,0
0.33516,-3.08168,-0.71111,4.29584,2.64481,-1.13787,0.78934,-0.6032,0.08087,-0.80565,0.31504,1.06207,0
-0.7582,0.33038,-1.57038,-2.93622,0.73468,0.96384,-1.45555,0.02773,1.17438,1.45348,0.33078,-1.89425,1
3.37232,0.35099,4.26082,-0.61191,-2.74582,-2.68646,2.30942,-1.98271,1.85491,-0.21675,0.92554,1.00467,0
-0.2838,0.43823,-0.48272,-1.76865,-0.10677,0.07045,0.13423,1.09556,0.78228,1.9724,0.46333,-0.49659,1
-0.12287,-1.79295,0.55496,1.65341,5.09853,1.69209,-0.4376,0.99607,0.5758,-2.30965,-1.13905,1.62691,0
2.15144,-3.18627,-5.27594,4.07623,0.99566,-3.21805,-1.9382,0.01777,-0.4301,0.49635,3.02607,0.1551,0
-0.90459,-1.46677,0.22446,4.09001,2.70177,-1.92116,0.53694,0.9429,1.68702,-1.0258,-0.40701,0.124,0
-0.98613,-1.49462,-1.62395,3.00333,1.27805,-1.15437,1.15387,-1.29787,-1.68977,1.68791,1.82757,2.75601,0
0.21217,1.47905,-5.91459,-1.91842,0.90122,-0.51731,-5.1573,0.5998,-0.53979,0.47051,3.63268,-0.18915,0
-3.00011,-0.26453,-2.0069,5.14448,-0.06642,-0.78095,2.03666,0.49018,-2.12402,0.29418,2.43045,1.23839,0
-4.69451,-0.49329,-3.31665,0.55376,5.46378,0.84427,-0.77543,1.50688,0.57655,3.09361,0.78558,0.88389,0
-1.95699,-2.69139,-3.07457,2.96005,4.01331,1.35606,-0.60271,-2.07872,-1.82473,-0.30711,1.00715,1.37011,0
-2.80155,1.41753,-2.58776,0.56979,-2.49051,1.80125,0.55597,3.66703,-2.60666,1.28809,-0.28868,-1.64084,0
-3.48434,0.69322,-0.67062,2.48643,1.52725,-1.88501,1.5728,1.45824,0.9131,2.38722,1.47522,0.99845,0
2.89236,-3.54302,2.80079,5.19081,2.65293,-3.66626,2.89551,-0.03516,3.1119,-1.38509,0.93964,1.84151,0
-2.74995,0.17836,0.30868,3.97774,5.12358,-0.85688,0.29303,0.01304,2.24963,-2.58487,2.69007,1.59102,1
1.66013,-0.936,6.48128,2.64838,4.55845,0.21724,3.15335,3.88464,1.77839,-2.65054,-3.1907,4.82191,0
-1.29613,0.67471,-1.70108,-3.12002,3.21928,0.06696,-2.47376,2.4897,2.52651,2.46166,-0.73386,-0.91017,1
2.63017,-2.005,0.78812,5.14667,2.68573,-3.61905,0.78227,4.69581,1.30293,-0.73514,-0.67154,3.19057,0
-0.64738,1.18454,-0.01206,-2.83778,4.09902,3.07314,-2.1593,0.08532,1.61411,-2.50998,1.44023,0.13912,0
-3.50554,-2.5027,-1.90964,3.91793,5.97166,-1.93504,1.61689,-1.22239,1.774,2.91607,3.02814,2.35268,0
1.02346,0.63883,-5.03662,-1.22387,0.96875,-1.29435,-3.94738,0.62673,-0.03593,0.97831,3.7738,0.41369,0
0.80331,-3.12301,-3.46184,3.06856,2.21315,-1.29924,-0.40137,2.13313,-0.23913,1.49299,0.61456,0.45631,0
-2.85613,-1.17948,-8.64869,10.86736,4.98635,-2.38382,-5.41691,2.45637,-1.41231,-6.56522,4.15592,-0.54407,1
1.92526,2.45947,0.62565,-9.23239,-3.34756,5.48182,-0.77019,0.06982,-3.20035,2.36019,-1.06481,0.76775,1
-0.81749,1.87395,3.70349,-2.98672,-2.62538,3.05916,2.20846,-3.0921,-2.39042,-0.24699,-1.17257,1.32423,1
-1.20862,-0.64826,-1.3354,5.33055,0.44863,-1.33605,0.48412,2.3081,-0.78323,-1.66625,0.17049,0.07202,0
-0.19967,-0.3043,-1.47009,4.85074,-0.64664,-1.7115,0.61112,3.94785,-2.2146,-0.18418,-0.50044,1.80319,0
1.5225,0.89726,0.64373,3.36621,-2.39042,-1.81715,-0.81708,-0.63106,-1.52027,-3.94314,0.02153,0.69949,0
-2.6293,-1.35792,-2.24869,3.07447,1.14785,-1.13957,2.56846,0.12652,-0.37117,3.26703,3.08955,1.03765,0
2.56296,-2.58685,-1.97091,-2.0178,7.64567,3.27865,-3.33068,-0.69802,2.76097,-3.61532,3.2739,0.45482,0
1.03953,-1.37868,-0.30716,6.04757,-1.08375,-5.13082,2.71601,1.63023,0.46474,1.21197,2.48777,1.92581,0
-2.60498,0.66423,-0.29373,3.5862,1.52563,-0.99851,-0.03575,-1.57631,-0.00885,-2.12421,1.62195,0.70273,0
2.2015,-1.39689,1.37613,-1.12641,3.53624,-0.93865,0.28245,2.69369,3.59527,1.07972,-0.12275,0.9471,1
-2.32194,1.49783,0.72765,-0.05686,-1.25063,-2.71457,-1.33368,0.20017,2.97449,0.45708,-3.17214,-4.15523,1
1.73148,-1.50067,-7.58032,3.78359,-1.14689,-0.63229,-3.03508,4.28352,-3.50195,-0.5381,2.54022,-0.52304,1
-0.59763,1.05947,-0.53174,3.88283,-2.68195,-2.91641,1.42451,5.00316,0.03391,0.52116,-0.05466,-0.71713,0
-0.37993,1.18507,2.47818,-2.27875,-1.65193,1.14549,1.76853,-0.86316,-0.56399,1.13026,-0.81311,0.6699,1
-1.88171,-1.10459,-2.81153,1.95171,2.92953,-1.29277,-0.39972,2.32989,0.72434,2.45313,0.59609,0.43841,0
3.37314,-4.47534,-3.15564,5.04802,-4.70689,-2.46323,4.18288,0.52237,-3.11749,3.1799,3.23234,0.27809,0
0.19694,-1.80901,0.47799,6.51179,1.74632,-4.25773,2.53116,0.04279,0.10175,0.35799,2.13292,4.02647,0
0.52636,-3.11317,-5.90961,0.17887,-0.72059,1.67233,0.302,4.15864,-2.98155,4.6184,0.44854,-0.9726,0
-1.66592,-1.10342,1.45633,5.19123,1.70296,-3.38704,3.26524,-0.68054,2.08797,0.32313,2.19801,1.32509,1
1.36924,-5.10302,-2.96911,5.88301,1.94295,-1.86693,1.99732,-0.01776,-1.8485,1.7704,1.65994,2.50857,0
-3.67477,0.09761,-6.97283,5.26847,2.57523,-0.22651,-3.58544,0.8589,-2.50324,-2.13499,3.13641,-0.16389,1
-0.40377,0.66886,-3.46711,1.54992,-3.8912,-1.92969,-1.74366,0.16304,-1.07705,-0.01426,0.64241,-3.25259,1
-4.4284,2.23532,1.48439,-1.12078,3.64659,0.22863,-1.16756,0.77208,3.03265,-0.08185,-2.13446,-1.04285,1
3.26345,1.54676,-1.96704,-3.12366,-2.29602,-1.98023,-3.09836,-0.92593,-0.76778,1.19083,2.12978,1.41469,0
2.18031,0.76189,-2.29892,-0.12589,3.85455,-2.05356,-3.45157,3.51248,1.63809,-0.40033,2.66194,3.0664,0
1.25391,-0.28352,0.56617,3.85317,-2.10041,-3.88947,1.95944,-0.10707,-0.05354,0.29571,2.02709,1.59113,0
-2.56482,-0.33908,-1.20672,-0.66363,4.43061,0.20279,-0.98774,2.49074,2.78371,1.81443,-0.78605,-0.9829,1
-0.07529,0.24833,1.67473,6.21984,0.4182,-4.25327,1.23833,1.6931,-0.03069,-1.58217,-0.31743,3.1941,0
-2.156,1.62737,-1.46506,-1.45247,3.55413,-1.83095,-2.63494,3.12328,4.88088,1.128,0.61491,-2.27319,1
-0.7463,-1.81075,-1.05725,3.63013,5.72021,-1.31227,-0.33447,0.60834,2.67776,-1.46962,2.51386,1.21271,0
0.09072,2.07313,-3.85645,-3.37125,-3.47635,1.2631,-2.02913,2.39373,-1.46131,1.68797,1.698,-2.43273,1
-1.21009,0.18862,-2.81765,2.73984,-1.64666,-1.73481,-1.22509,1.48096,-1.42034,0.35022,-0.6936,-1.22219,0
0.24463,0.19219,-0.58807,-1.11813,-1.55611,0.77371,-0.25032,-1.17467,-0.09599,-0.43948,0.84304,-1.81684,1
-0.48147,-0.96427,-6.96817,0.1975,2.39992,0.1338,-4.51882,-0.54921,-0.99076,0.30126,3.35436,-0.78878,0
-2.74386,2.31842,0.46388,1.37511,-0.80751,-1.17441,0.8323,2.27767,0.10463,0.69586,-0.18064,0.20938,0
-0.35387,-3.32632,-0.75831,5.01304,1.22257,-1.80035,3.09574,-0.67427,-1.57326,2.1887,0.89339,2.85928,0
0.76977,0.34348,-2.1839,1.72158,-4.11113,-0.13749,0.61608,3.1519,-2.85576,0.40689,0.40476,-0.70568,0
-0.93447,-2.89494,-4.58924,2.80074,5.19114,0.46731,-2.4435,-0.56418,1.10179,-1.62933,2.56831,-1.20751,0
-0.47656,-0.95519,1.22491,1.60964,4.88332,0.20762,-0.02647,0.63691,3.03691,-2.45981,0.62168,0.32398,0
1.47987,-0.10493,-1.03644,0.39002,-2.5699,-0.86755,0.04315,0.98717,-0.91905,0.4598,0.42643,-0.5821,0
0.92334,-1.58036,-0.53025,4.6942,1.09049,-3.46687,0.45083,1.24677,0.92249,-0.51148,0.7373,1.07895,0
-2.40014,-1.62797,-0.05683,5.85901,0.16399,-2.3361,5.04925,0.67668,-0.96185,2.87388,2.47359,2.62381,0
-2.87951,3.64597,0.84589,-4.26316,1.7472,0.05811,-2.84846,1.82067,2.93966,0.95565,-2.36517,-1.50479,1
-0.13045,-2.34612,-1.65619,2.61689,2.16564,0.74133,-0.50781,-1.28481,-1.77702,-1.03005,-0.27409,1.14618,0
0.96072,-4.78987,-1.84922,8.08048,1.90155,-3.16606,1.15196,0.83242,-0.73148,-0.73433,-0.81899,0.8988,0
0.61886,-0.81763,3.83401,2.48399,4.59682,-1.74814,1.76479,0.97802,3.88721,-1.91293,0.4751,2.36528,0
-0.33109,-1.26071,-6.56565,5.69072,-0.24105,-0.92031,-1.83774,3.25593,-2.73692,-1.45227,3.06697,-0.69634,1
-0.36828,-1.03716,-0.18989,2.8799,3.05808,-2.18745,0.04985,0.54923,3.01633,-0.99749,1.66343,-0.26967,0
0.07917,-2.53915,-3.69601,3.53659,7.2981,0.71753,-2.93964,3.92599,0.87301,-2.50275,0.72225,1.38825,0
-0.10979,-4.41773,0.20189,4.5814,9.2379,0.62606,0.7663,0.46338,4.85323,-3.84964,2.53374,0.08137,0
-2.06098,4.17259,1.96194,-2.87738,-1.4957,-1.74728,-1.86069,0.81659,3.2822,-0.1689,-1.81788,-2.9158,1
-0.24678,0.88777,0.19367,-1.69314,2.22487,2.24292,-1.46053,0.90393,0.2631,-1.7417,-0.20538,0.42394,0
2.09794,-4.87171,-2.90934,3.16705,7.23102,1.07902,-2.04942,0.39575,1.47077,-3.07498,1.47572,0.63705,0
0.87611,-0.07298,-1.50352,1.1539,-0.58036,-2.03418,-1.43976,-0.22077,-2.79552,1.57691,-0.95075,3.33252,0
5.08699,-2.25949,-4.63201,0.03813,5.03215,-0.21066,-4.54404,3.63403,0.4934,-1.58368,3.17515,2.77508,0
-1.65599,0.57261,-1.89253,-2.58289,2.63887,0.55495,-2.02468,0.21693,2.0915,1.40928,0.93269,-1.36901,1
-1.41029,-1.38234,-4.10224,-0.3661,2.67629,-1.22785,-2.81515,-0.55793,2.25228,1.87444,0.85348,-2.77744,1
-0.62776,-2.17186,0.44075,6.45489,1.36973,-2.78481,2.73589,-0.27396,-0.70085,-0.07033,0.82947,2.86759,0
-0.68546,0.10665,1.84533,5.19404,2.74233,-1.95954,-0.63503,-0.72811,-0.85377,-3.77663,-1.55646,3.72554,0
0.10883,1.13865,-3.55162,0.46979,0.19639,-1.71709,-2.68676,2.4409,-1.2599,1.27198,1.26548,1.63798,0
-0.42821,-5.77431,-6.72019,1.38339,7.73755,3.18386,-0.31568,3.42382,1.01421,2.43294,3.59141,-0.63768,1
-0.9565,-0.56147,-5.16164,2.71287,3.07738,-1.92368,-3.18999,1.79881,0.83135,-0.20175,2.87108,-0.36774,0
1.98012,-2.72316,-1.31601,1.88737,7.12248,0.56146,-1.59474,2.00538,2.29578,-2.58159,2.14428,2.16279,0
-6.26065,1.13174,-1.24575,2.04463,5.84009,-0.5802,-0.12062,0.92905,1.62441,1.90044,0.96943,1.72786,0
2.05806,-0.82195,-0.8409,-0.19305,-0.51965,0.45292,-1.15548,-0.15201,-1.39705,-0.84172,-0.46444,0.48522,0
1.17239,-0.578,-0.47241,1.97961,-1.64015,0.23328,-1.2624,-1.69124,-1.40153,-3.69035,-0.6622,-1.46989,0
-0.42713,1.55994,2.47016,4.1602,-3.18854,-2.09373,2.27528,0.29832,-1.82513,-1.81885,-0.36055,1.83536,0
2.05515,-0.98739,-2.61529,0.79231,1.24844,-0.92484,-2.73775,3.05186,1.01479,-1.16393,-0.03136,-1.20434,1
-0.29248,2.39045,3.37529,-4.27725,-3.11448,2.55247,0.91103,-0.46576,-1.5552,0.52999,-3.2502,0.01931,1
-2.67437,0.46134,-2.29636,4.11242,5.66543,0.17156,-1.80401,0.70216,0.45716,-3.5458,3.52588,2.17559,1
-0.79138,-2.42959,-2.88637,2.77639,2.52955,-0.56169,0.1085,0.53163,-1.68872,2.17528,0.39067,2.23216,0
0.81501,-2.61319,-5.65883,-2.16565,-0.1114,1.94489,-0.906,1.21149,-1.90076,4.22743,1.62713,-1.32093,0
-2.39879,1.00999,-1.13423,1.46135,1.41988,-0.27969,-0.64528,-0.11533,-0.69769,-0.12811,0.89367,1.22853,0
-2.5339,4.8261,5.7373,-2.32398,-0.8832,-1.49789,-0.17051,1.53469,3.15469,-0.81084,-4.58422,-0.78738,1
-1.78262,-2.97566,-4.34923,6.77126,5.00773,-0.58826,-1.49864,1.87819,-1.10051,-1.91322,0.6196,1.05081,1
-1.15104,-1.63937,1.99331,-0.3263,2.75859,4.44835,2.88938,1.22232,-1.38337,0.17224,-1.91533,1.74378,1
-0.22542,-1.28428,-2.3424,2.83357,1.08307,-2.20734,0.10687,0.28831,0.28855,1.15338,2.28229,0.66287,0
-2.3994,3.01518,-1.93227,-4.72833,1.47486,-0.60317,-3.68699,0.26073,3.03208,2.13324,0.77155,-2.16268,1
0.1639,-0.23054,-5.41129,4.73424,-4.15587,-7.32008,-0.8486,-0.40975,-0.85163,3.78691,3.9434,-0.33136,0
0.75397,1.7753,0.61427,-5.49143,-1.83339,2.72946,-0.76191,0.72603,-1.30601,1.61779,-1.54875,0.06922,1
2.23676,-2.58894,0.32017,2.6187,5.46017,-2.4227,0.58926,3.28107,3.09065,0.53154,1.2922,3.18296,1
4.35088,-1.99202,0.68483,0.77132,3.29449,-0.69215,-0.90741,1.61567,0.17149,-1.27063,-0.01828,4.13966,0
2.148,-1.37909,-3.37251,0.26286,6.51831,0.39402,-4.15426,3.94932,2.245,-2.23448,1.91212,1.13766,0
-1.65195,-2.48484,-0.08423,5.20861,4.23567,-2.28852,2.65809,0.52589,-0.674,2.56289,0.61314,5.10176,0
0.30021,0.06257,-1.31272,2.88144,-1.15985,-1.44258,0.22851,1.78155,-1.18367,-0.38888,1.01347,0.6983,0
-3.14503,3.30747,2.65439,-1.46835,0.03018,-2.8405,-1.00505,-0.02051,3.37957,1.12834,-2.82883,-1.41863,1
-0.12116,-2.81983,-1.09135,6.83778,0.63676,-2.92015,3.01008,0.73761,-1.82696,1.30726,1.43065,3.25434,0
0.35554,4.19771,0.12913,-8.46344,-3.93068,0.53175,-2.93353,0.54937,0.42479,3.42536,-2.00209,-1.97198,1
-0.54367,-0.91351,-4.13627,-1.08182,0.57317,1.98915,-1.68697,0.50812,-2.3426,1.664,0.61109,-0.19903,0
2.18708,-2.59716,-3.9205,3.38349,-3.0049,-0.65784,0.84925,2.47663,-2.95824,1.00116,1.26779,-0.7025,0
2.00717,-4.65853,0.97461,6.36528,6.68538,-1.17484,0.81042,2.30665,1.82702,-3.19939,-1.04947,2.72035,0
-0.41356,1.00042,-2.71502,1.60316,-3.60913,-1.27477,1.0863,2.73938,-1.49535,1.79784,2.76514,-0.71086,0
1.6491,-3.3229,1.01351,3.82008,8.09492,-0.94759,0.3706,1.73901,4.33663,-2.94118,2.08109,2.3334,0
-2.17331,0.31442,-1.83064,1.76162,0.6942,0.34129,-0.01778,0.77598,-1.81481,0.61307,0.56964,1.16031,0
-0.70039,1.14086,0.91712,-1.03405,1.75427,-0.1301,-0.20478,-0.11397,1.39328,0.0192,1.00915,1.08299,1
0.31319,-1.10486,2.54931,-0.30546,6.00256,-0.87713,0.11055,0.85753,4.04477,0.13903,-0.66418,2.16355,1
0.63149,1.15333,1.29801,-3.92553,-1.111,1.29398,0.1813,0.63677,1.17054,0.97486,-0.42276,-1.26876,1
-2.37773,-2.09902,-4.48317,5.50979,7.58965,-0.282,-2.43036,2.00999,-0.31752,-1.61964,1.87197,2.82034,1
-1.67929,-2.45847,-0.95539,6.09164,4.07161,-3.96619,2.19868,0.92736,1.40857,2.19199,2.00994,3.02085,0
0.42767,-2.51893,-2.31171,-0.90323,6.8315,-0.03129,-2.78093,1.99761,1.1165,2.49006,-1.68173,2.73862,1
-0.75606,-1.99976,-4.13262,1.30449,-1.21562,1.72328,1.40766,1.10886,-3.18529,2.6141,1.90775,-0.38626,0
1.93374,-3.78979,0.28632,5.02279,4.2278,-1.86178,1.06224,1.15364,1.03754,-1.20887,0.0633,2.58469,0
0.25906,-1.98224,-1.11107,3.99002,-1.92763,-2.05496,2.97784,0.40234,-1.03312,1.79336,1.77316,0.27301,0
5.22081,-1.48869,5.49124,-3.02821,5.01782,3.17027,0.57788,0.81634,3.1663,-4.38627,-0.42426,2.77063,0
0.24726,-2.3577,-2.21952,2.7382,2.72159,-1.90465,-0.32502,-1.73094,3.02124,-0.99643,3.99936,-1.743,0
-0.62344,-3.36341,-9.78175,0.28728,7.74976,1.10418,-6.13896,-3.04002,2.68101,-1.57956,8.18137,-2.97924,0
-1.12779,2.68968,2.87906,-3.53056,-1.79794,-1.29024,-0.55425,0.12422,2.07482,1.75066,-3.53607,-1.57243,1
-2.92345,-2.61936,-2.08714,2.07565,6.59352,-0.38875,0.18787,-0.80741,1.1129,2.68626,1.10091,2.33101,0
-2.45415,-0.71786,-1.19004,9.0336,5.73438,-3.56658,0.89306,0.56758,1.43112,-3.33291,5.2923,3.88088,1
0.54429,-2.04631,-0.5187,1.95172,0.184,-1.22456,1.00897,-2.36263,-0.32954,0.68079,1.03611,0.60829,0
-0.03452,-5.58076,-4.90801,6.28088,6.79151,-0.81808,-1.79525,-0.80405,1.16851,-2.19822,2.20086,-0.48528,0
-0.89243,-0.49063,-0.16456,5.9773,1.84531,-2.92834,0.36578,0.83191,-0.79693,-1.42911,0.29369,3.11054,0
0.41234,-3.36512,-2.00807,4.46688,4.29359,-2.18028,-0.63501,-1.73833,0.67602,-0.64737,1.62068,1.77782,0
-0.20961,-3.2039,-5.46209,1.44765,0.49295,1.38673,-0.24802,0.32677,-2.52278,2.23197,1.81258,-0.86906,0
-1.53449,-0.08473,-0.01378,3.59535,-0.13947,-2.78087,2.09563,0.22655,0.55573,1.2077,1.81816,0.92017,0
-1.3704,1.29399,-1.46869,1.56194,2.74101,-0.25927,-1.84571,0.85237,1.34415,-2.67153,2.76753,0.09756,1
2.42098,-2.93867,-2.63115,4.09541,-3.15861,-0.71501,2.10675,1.47418,-3.29286,0.7277,1.37037,0.30162,0
2.33665,0.67672,-0.516,-3.00029,2.59959,1.21524,-2.4731,0.82096,1.26464,-1.4794,2.08019,1.31902,0
-3.97592,-0.53482,1.43801,3.47367,4.74473,-1.14586,0.69622,1.70913,3.24894,-0.60955,-2.36754,-0.79584,1
-1.13959,0.3337,0.33619,-0.37825,1.8733,1.72251,0.80744,1.76599,0.8101,-0.32167,0.8016,0.06692,1
-0.84991,-1.88647,-6.35376,-0.26674,8.24603,1.18656,-4.86138,-0.99951,2.83867,-1.43096,5.90611,-0.52958,0
-1.65492,-2.08321,-4.18366,1.38949,1.17208,0.49723,0.79607,0.56837,-1.59702,3.45888,2.19046,0.326,0
1.83571,-0.65228,-3.71064,-1.48591,-1.91707,0.50697,-1.54801,1.84871,-1.94806,1.9248,0.64447,-0.70399,0
-1.74424,-2.63611,-2.69626,0.68575,4.99214,0.68315,-1.28489,0.78194,1.70517,1.2526,-0.63193,-1.24239,1
1.24459,-0.49914,2.08827,0.87135,2.50126,0.64557,0.08425,2.3464,0.28765,-1.85766,-2.06232,2.15562,0
-2.24053,-1.42587,-2.98485,2.42379,0.74081,1.96091,0.67316,0.7939,-2.5636,0.475,0.52142,-0.23066,0
1.25178,-2.64877,-4.93202,2.03254,5.8427,0.79526,-3.57047,2.78492,0.91417,-2.13321,2.30054,0.13693,0
-1.9542,-0.33533,-2.19581,2.08471,3.7425,-1.01956,-1.48474,0.42299,-0.29018,0.73099,0.60199,2.30289,0
-1.89451,-3.71587,-6.07606,6.98603,4.82175,-0.57941,-0.5831,2.96434,-2.53133,0.78994,1.67742,2.39889,1
0.0895,-2.05583,4.63873,3.44826,3.31925,-1.29389,3.56172,-1.99877,3.36127,-2.1176,0.40963,1.19492,0
-2.20275,4.18807,0.2634,-5.03294,0.04304,-2.66579,-4.36681,-1.34613,4.24408,1.37941,-1.24444,-2.92377,1
-5.49862,2.36575,0.39255,3.79003,0.81846,-0.78124,1.9138,1.62076,-0.23746,0.09672,0.69297,0.86675,0
-0.1977,0.47565,-4.51968,-1.49699,2.45707,1.20441,-3.84816,2.28359,-0.87333,0.37691,1.34247,0.47483,1
-2.27506,-1.15006,-2.20224,0.57344,3.93378,0.97003,-1.17787,-0.7766,-0.10717,0.74814,0.26721,0.64154,0
-0.8948,0.78995,0.74759,-3.90076,1.87889,3.38238,0.08367,1.86546,-0.80263,1.89955,-1.6875,1.65259,1
-2.6248,-0.40898,-3.07288,-0.07377,3.59799,0.26299,-1.97594,-0.14593,0.76579,1.3188,0.84539,-0.39267,0
-1.59551,-0.49716,-0.82846,2.95767,5.45291,-1.27459,-2.06042,-0.22004,0.71539,-1.46711,-0.0549,2.7796,0
1.72946,-1.14453,-2.49379,-0.18715,3.55881,-1.21315,-2.50846,-1.62147,0.99502,-0.07895,3.43517,2.1237,0
-2.02536,1.44582,-2.33533,4.03466,-1.93263,-1.79454,-0.22249,0.13031,0.13835,-2.4065,3.59861,-2.34808,1
-0.6035,-3.23461,-4.01399,1.21007,3.57072,-0.498,-0.11917,-1.70564,0.17884,2.99343,3.21427,0.90382,0
0.31042,-0.56134,-2.99256,-0.0878,-2.82611,0.23471,1.38493,4.14581,-1.30545,3.43559,1.07333,-1.46645,0
-3.78446,-0.60481,-1.9714,6.78303,4.09051,-1.05082,-0.31467,-0.58231,-0.029,-3.23823,2.23403,0.88647,1
-0.45335,1.65812,1.67307,-4.40409,1.06322,2.4651,0.0895,3.61147,0.39605,2.03955,-2.46799,0.94346,0
0.12437,0.5389,-7.20366,-0.32343,0.44411,-2.92301,-4.97145,-1.03072,0.32018,1.57655,5.29311,-0.96407,0
-2.41491,-4.23945,-5.06527,7.59472,8.48912,-0.75164,-1.73656,2.31266,-0.92845,-0.71127,0.44835,3.16535,1
1.83501,-2.03923,2.07239,0.925,4.39311,-1.94917,1.41685,1.73388,3.14647,1.27728,0.19095,2.93165,1
1.52482,-1.6281,-4.40073,-1.89157,3.96792,0.91004,-3.83805,-2.78997,2.16027,-1.50083,5.11317,-1.48328,0
-0.71047,0.02708,0.59407,5.00161,-0.6534,-2.5212,2.05704,1.10308,-1.0473,-0.4415,0.75627,2.24622,0
-2.47195,0.1863,1.56725,6.44837,0.18765,-5.11652,4.9529,2.94156,1.83477,2.57908,2.48692,2.44254,0
0.31248,-1.68307,-1.92663,2.57276,-0.17027,0.51696,-0.17362,0.78452,-1.83479,-0.93511,-0.45857,-0.41302,0
2.7226,-1.41236,-0.62713,0.14314,1.68954,-0.15604,-1.25986,0.80933,-0.66904,-0.41788,-0.25716,2.31137,0
-0.81626,-0.90344,-2.16617,2.15535,0.83911,-0.00869,0.17455,0.07677,-2.09188,0.82751,1.15537,1.82714,0
-1.6674,-0.75343,-2.94592,4.38845,1.02015,-3.28561,-0.24147,0.9657,0.705,0.92173,2.03115,-0.24184,0
-1.2105,-1.40309,-0.57315,1.05826,8.09314,-0.69132,-2.14128,0.37913,2.46676,-0.0324,-0.17668,3.13991,1
-1.0647,-1.27474,-3.48839,-1.34578,3.68855,-0.5814,-2.87841,2.26727,3.16684,2.18784,-0.53745,-2.88683,1
0.23873,4.09084,-0.05945,-9.6351,-1.61419,1.84583,-4.37008,0.01813,0.26218,2.80973,-2.6085,-0.97903,1
-0.32696,-1.8772,-1.84234,3.84248,0.64916,-1.16907,0.94225,1.00564,-1.6928,1.00713,0.33735,1.59526,0
3.63726,-3.18968,3.57605,0.43035,7.95884,2.04946,0.29354,0.44464,3.22814,-4.27541,0.20589,3.52072,0
-0.90948,0.23947,0.79759,1.45456,-0.05023,-0.36123,0.85234,0.46173,0.00996,-0.44279,-0.50072,0.12516,0
0.60408,0.88414,-3.15916,-6.46648,-0.7025,3.87295,-2.05688,-1.30948,-1.49986,2.08565,2.65425,-0.77026,1
-0.66372,-0.0215,0.69665,2.2662,2.93834,-2.6676,-0.39561,-0.82379,1.96885,-0.55002,0.92019,1.82244,1
0.9548,0.81483,-3.6553,-0.38049,-0.73224,-0.28503,-2.97179,2.19053,-0.73151,-0.47905,1.47376,-0.90696,1
-1.84052,-1.88302,-2.6488,2.60163,3.25603,-0.63361,0.39744,-0.32642,-0.48019,1.99095,1.86118,1.79871,0
-1.70224,-0.89003,-5.05507,-0.08161,-0.69411,2.04507,0.70428,3.86095,-2.80303,4.12047,1.54623,-0.54882,0
0.47475,0.17197,-2.72385,-0.20928,-2.98938,-0.82383,0.45719,2.10934,-1.62749,3.06791,1.46591,-0.28816,0
-0.81995,-2.45082,-2.66297,1.80194,3.96508,0.4889,-1.37665,0.87377,-0.63951,0.67528,-1.08084,0.91839,0
-0.05246,-1.9388,-2.35443,1.75629,3.74776,-0.50793,-1.26562,-0.15308,-0.58358,0.70802,0.69327,2.38804,0
0.41484,-0.92297,1.41347,2.71582,3.83028,-1.04757,0.29055,2.25556,2.50758,-2.08458,-0.09316,1.10453,0
-1.32723,-2.2738,-6.80976,0.10109,7.36281,2.52912,-5.37886,-0.69377,0.63847,-1.84013,3.12045,-0.9847,0
-0.40385,-1.7835,-2.30403,4.93388,2.65253,-2.59909,-0.92952,1.10946,1.10322,-1.22076,1.07269,-0.07031,1
-1.03912,-0.84628,-4.53,-2.45944,4.4119,0.90748,-3.756,2.64264,2.15421,1.98549,0.27749,-2.01011,1
-0.14748,-0.59347,-6.97949,-1.71581,5.46115,2.35552,-6.12441,0.92111,-1.75314,-0.20453,2.38731,1.69754,0
0.4495,-3.05527,3.96782,4.73662,3.06574,-5.4063,1.62153,-2.3991,4.12526,-0.08494,-3.19218,0.7157,1
0.28791,0.16886,0.15466,4.67464,-2.90609,-1.47044,1.21637,3.3825,-1.41181,-2.04851,-1.21438,-0.71398,0
4.42797,-1.35989,0.83082,-0.35771,1.11478,0.06017,-1.10387,1.52944,-1.49685,-0.85816,-1.70561,3.78673,0
-0.37696,-2.43738,-2.71608,3.31494,2.89153,-1.50337,-0.41087,-1.38884,1.19082,-0.35273,2.92353,-0.29686,0
-2.31282,-0.73779,-0.28615,5.43586,1.80204,-2.46551,2.12545,-0.1294,0.49348,-0.06233,2.34757,1.59853,0
-0.22691,-0.75033,-2.47823,2.88526,-3.03973,0.79568,1.08556,3.01588,-3.15079,0.04249,-0.30954,-1.22141,0
2.55295,-0.36641,-0.36983,-1.04115,2.43515,-0.98806,-1.34612,-0.30556,1.89868,-0.57534,2.92859,1.72742,1
-1.27147,0.21003,0.67837,0.89215,2.25606,-1.51815,-0.2849,1.87601,3.23088,-0.1216,-0.77958,-1.30114,1
-1.13861,0.86523,-2.43749,-2.43425,3.5487,3.26149,-3.13019,0.63931,0.14579,-1.6832,1.35748,-0.3416,0
2.07373,-1.54065,-1.76405,-2.62503,3.04462,0.59971,-3.10157,2.43315,1.05657,1.1582,-2.31537,-0.10458,1
-1.09002,2.09097,-0.43173,1.45383,-2.4986,-0.92893,1.58919,5.8507,-1.71082,2.13181,-0.41677,1.3416,0
4.7451,-1.51551,4.78028,-0.19669,2.19017,1.24857,1.11458,1.87904,0.37171,-3.03306,-2.65531,3.6441,0
-1.38643,-2.11914,-3.77649,6.33283,5.28447,-1.13666,-3.23421,1.40556,0.26251,-3.96609,0.07049,-0.07696,1
1.77602,-1.3365,2.31526,3.55688,2.1284,-2.92644,1.74611,1.3605,2.31382,-1.05096,0.66955,2.21544,0
0.80784,-2.26159,-1.22449,5.33764,-1.35842,-1.74115,1.53575,-0.34101,-1.58895,-1.13968,1.03669,0.11527,0
-1.98276,-1.22865,-1.55617,0.60701,3.45064,0.33761,0.27774,0.71108,1.14008,1.75534,0.8969,0.13918,1
1.27561,-0.39418,0.76863,0.72236,0.68263,-0.22886,-0.22649,0.63782,0.07595,-1.24519,-0.58188,0.9427,0
-2.86231,1.26629,0.04526,2.78471,5.53639,-1.21478,-3.01575,0.26311,1.38266,-3.03206,-1.03675,2.02727,0
-0.68304,-1.00956,-1.71742,3.26859,3.85403,-0.32157,0.12781,3.28453,1.69206,-1.25393,2.56279,0.42081,1
-2.57201,0.12196,-1.14961,4.29536,2.34626,-2.1222,-1.12256,-1.3004,0.96907,-2.18913,1.1714,-0.1431,1
-2.7144,-0.63592,0.68193,2.68282,1.65903,-1.18668,1.19708,-0.58126,2.1249,-0.24012,-0.37899,-1.60986,1
-1.98265,-1.47406,-2.42934,2.73518,3.12581,-0.74839,0.00669,1.103,0.0861,1.43879,0.83193,0.87923,0
-0.38995,-1.49956,-6.39778,0.36349,3.26372,1.57213,-4.25114,-0.15158,-0.11211,-1.57495,3.26647,-2.16886,0
-0.77351,-1.16699,-3.94836,-0.40302,0.59891,1.82497,-0.24886,1.38199,-2.27618,2.56509,1.42784,0.37718,0
1.6905,-4.73847,1.77918,4.18776,8.74737,1.85657,0.69574,1.20731,3.19726,-5.08745,-0.11613,1.46461,0
-0.45447,-1.29777,-2.05626,4.34422,-3.80804,-0.03366,2.61548,-0.4569,-3.67981,-0.02155,1.88507,-0.39928,0
-3.76544,-0.39568,-3.58033,-1.01331,4.47187,2.11849,-1.56722,-0.20132,0.11692,1.93169,1.37849,-0.1267,0
-2.7168,-0.20963,0.11007,5.90021,2.07686,-3.02129,1.7853,-0.86551,0.01446,-0.30406,2.06685,2.80298,0
-4.42194,3.10795,2.96595,5.01334,3.37334,-3.61542,0.43205,-0.79413,1.46979,-2.32435,0.62951,3.96347,0
-0.26636,-2.31742,-4.31181,2.30213,4.8799,1.00767,-2.78879,2.93232,-0.68024,-0.74618,-0.13792,0.70262,1
0.7313,-2.86329,-2.68428,3.28856,-0.80634,-1.19495,1.68047,-1.07018,-1.54126,1.58076,2.61266,0.36726,0
0.56264,-5.34497,-2.80618,5.07213,3.83834,-2.35643,1.40049,-1.06139,0.05682,2.3793,1.55835,1.91231,0
-0.7722,0.3467,2.71579,5.17767,0.84802,-3.4263,1.93733,-1.47451,0.12955,-1.68754,0.75194,3.56967,0
1.2861,-0.30112,-3.48035,1.57684,2.09009,-1.4246,-3.56569,1.8558,0.04011,-1.43884,1.34359,0.67448,1
0.20229,-0.09043,-1.6522,0.45495,-0.07604,-0.44162,-1.52331,-0.65537,-0.85595,-0.35414,0.34266,0.07707,0
1.24754,-0.66138,-2.1288,1.97175,-5.1689,-1.0895,2.51731,3.90929,-2.38152,2.76134,0.81449,-1.0242,0
-2.60686,-1.96478,-1.36178,5.18967,1.3281,-1.72129,3.39903,-0.26157,-0.39711,2.09028,2.80073,1.3867,0
0.84319,-5.30029,-1.31181,3.89941,10.41083,0.42055,-0.94731,-1.19258,5.30248,-4.07126,3.58744,-0.1465,0
-1.63945,-0.83277,-1.0823,3.68554,0.72332,-1.52767,2.9086,1.89098,-0.695,2.53645,2.36121,2.26472,0
1.10308,-3.09665,-1.09575,1.87012,7.39795,0.7423,-1.43424,-0.79412,3.26974,-3.29553,2.96671,0.65833,0
1.44064,0.14238,-2.10945,1.58209,-1.36907,-4.208,-1.41899,0.17138,0.40888,1.29028,1.76083,0.51434,0
2.90283,-1.27195,1.06098,1.66162,0.23326,-0.91134,0.11568,2.13645,-1.25916,-0.58314,-2.17806,2.74632,0
0.54836,1.1147,1.09848,-1.76684,-0.08928,2.06087,-0.97566,0.9092,-1.55839,-1.27321,-2.1229,1.16559,0
0.39972,-1.3966,1.21024,2.20632,4.49338,0.94507,-0.11387,2.79791,0.77082,-2.36662,-1.82492,1.8837,0
-0.66337,0.15017,3.5797,1.18383,1.69185,-2.38682,1.8085,-1.32316,3.37156,-0.22342,0.02507,0.63645,1
-1.41533,-0.80615,-8.20421,0.66443,1.58115,-0.10847,-5.30743,-1.11691,-2.52232,0.94878,2.42831,-0.81736,0
-0.50587,0.37453,1.49241,5.38756,1.38351,-3.22651,0.42903,-0.78345,-0.40728,-2.46046,0.493,3.61354,0
1.052,-0.57256,-1.35439,2.46459,-2.97892,-1.62946,1.4834,3.1772,-1.32401,1.41101,0.3624,-0.22673,0
-1.95158,-0.57185,-0.6918,3.66996,3.47885,-2.50108,-0.71963,0.91036,1.78778,-0.37154,-0.21501,0.58352,0
0.29853,-1.13887,0.29372,0.81146,0.28731,-2.38584,0.35054,-0.54934,1.02051,1.93769,-1.0543,0.24612,1
-3.10987,1.06784,2.34671,-1.15581,2.3148,1.66357,1.0322,-1.36946,0.44214,0.37375,-1.2569,1.14424,1
-2.17849,1.7511,3.18825,-1.14829,-0.26282,0.65465,1.40648,-0.53733,0.53756,0.23334,-2.03061,0.15383,1
-1.5892,0.42582,-4.57156,1.80799,0.60724,0.26503,-2.86956,1.34732,-1.11788,-1.35037,1.5514,-1.55973,1
-1.93767,-1.71594,0.56354,6.42975,2.88865,-2.85746,2.10542,-1.93693,-0.00039,-0.60298,1.37444,3.0766,0
1.59891,-0.41551,6.29846,1.25266,4.99689,-1.23995,2.66171,1.24932,5.17513,-2.67586,0.27291,2.82051,0
0.54043,-0.06821,-0.66077,-1.1135,-1.16451,0.02651,0.11492,1.50089,0.72336,1.07201,0.06172,-1.74903,1
-3.10935,-1.13453,-0.71253,3.91566,2.14597,-1.1582,2.44615,0.22572,0.02822,1.81559,1.36204,1.36671,0
-2.5508,-3.0791,-5.41709,5.32214,2.92795,-0.12565,-1.59065,-0.04501,-0.10585,-1.4847,1.33415,-3.07203,0
0.495,4.10516,1.42419,-5.65108,-3.95382,0.56279,-0.9555,-1.52678,0.19127,0.53537,1.25853,-0.77822,0
-4.72646,3.6318,2.20241,5.90116,-0.46574,-2.02,1.49587,2.41946,0.05224,-3.40685,-0.28293,0.6135,0
-0.15453,1.79294,3.44783,1.16688,-1.58763,-2.9967,1.42352,0.53649,1.03185,0.21876,-1.46705,1.36657,0
-3.71019,0.91004,-0.78266,5.19498,0.77093,-1.63578,2.57528,4.18542,-0.41311,1.02462,1.41004,1.47538,0
-1.81651,-1.13377,-3.7989,1.7972,-1.53323,2.1967,0.77212,1.47125,-4.20869,1.61686,0.08188,-0.39475,0
0.20156,-3.763,-1.16436,6.48278,4.60258,-1.9894,0.50198,1.78916,2.28607,-2.29718,0.64136,-0.28234,0
-0.30207,-2.38276,-3.11341,3.19784,5.50019,-0.14378,-1.98728,1.64838,1.10801,-1.54904,1.24105,0.53302,0
-0.04448,1.3286,-4.58869,-5.48756,4.23595,2.66161,-5.2613,-1.78899,1.53202,-0.61554,5.21137,-0.49979,0
2.37377,-1.83259,-0.3353,1.061,4.74479,-0.12534,-1.03283,1.15343,1.52403,-1.70811,1.68401,2.53324,0
-2.86649,-2.434,-3.22151,3.12933,5.22173,-1.38335,1.02094,-0.98467,0.97729,3.15853,3.9222,2.16457,0
-1.77575,-0.69508,-0.22435,4.98245,0.05249,-1.44491,2.42072,-2.06901,-1.56143,-0.48693,2.60402,2.12661,0
-2.80913,-0.78348,-0.15984,4.60591,1.09215,-1.91764,3.10565,-1.04044,0.23166,1.07535,2.84432,1.35202,0
2.86501,-3.36354,-3.39789,3.10228,-2.24381,-0.27097,0.70722,1.36449,-3.53054,0.93216,0.44436,0.42614,0
1.37192,0.73506,4.1369,-2.24198,-1.84026,-1.65098,2.82527,-0.89506,2.04124,2.2655,-0.11743,0.88571,1
0.65626,-0.62032,-1.26257,-1.99935,0.70879,1.29422,-0.30052,1.18797,-0.01279,1.55161,0.46028,-0.10156,1
3.38778,-1.45085,0.762,3.42865,-0.24722,-3.02587,0.83464,3.42442,0.21324,-0.40089,-0.63824,2.12249,0
2.35628,-0.58881,-4.63548,-2.66708,1.86436,0.32819,-4.39199,-2.07543,-0.34027,-0.03496,3.85662,0.62363,0
-1.99665,0.64398,-0.56357,1.01464,-0.29135,-0.36895,0.70547,1.23392,-0.09335,1.03234,0.0501,-0.43859,0
-4.16305,2.07671,-0.2963,1.30648,3.12101,-1.45436,-0.24517,-1.00818,1.03984,0.80606,2.2439,2.20686,0
1.50144,-2.57789,0.57796,1.72087,4.83002,0.42566,-0.44639,-0.87962,1.717,-2.64327,0.64201,1.30631,0
-1.95978,-2.56434,0.38906,4.51518,4.97727,-2.1471,0.40113,-0.84639,2.17564,-0.37831,-1.2537,0.74436,1
4.39023,-7.62264,-6.10699,4.18302,14.14685,-1.39331,-4.25076,-1.06676,6.284,-3.6296,8.39675,1.86637,0
-0.8778,-5.52616,-5.76246,8.22381,9.65162,-0.88872,-2.52699,4.14627,0.09785,-1.62234,0.06738,2.342,1
1.67655,-1.01153,2.14566,3.71423,0.97255,-4.02508,1.88069,0.88579,1.93089,-0.04539,0.73484,2.46035,0
-0.7958,-3.41873,-1.68167,3.48862,4.84444,-0.74683,0.64957,-1.94572,-0.42443,1.18673,1.41147,3.14303,0
-1.50456,-0.10473,-1.38254,-4.3026,2.04181,3.595,-0.93123,0.69816,-0.34925,2.45245,-1.11927,-0.60391,1
-3.1845,0.88323,-3.89842,4.94504,4.50388,1.06135,-1.43116,2.00553,-0.64897,-4.00798,5.27666,1.47228,1
1.42871,-3.9789,-2.92803,5.03571,-2.15413,-2.45789,3.82382,1.92125,-1.12114,3.31942,2.71771,-0.30084,0
4.39383,-0.80089,1.77559,1.54304,-2.19452,-3.21967,1.19573,0.78578,-0.11169,0.08215,0.28014,2.47876,0
0.37331,1.0962,1.01827,-2.84862,3.12618,0.2402,-1.84787,0.88701,3.11543,-0.63225,0.1186,0.06166,1
-0.37695,2.23924,1.10774,-3.78923,-0.9724,-0.75575,-1.25032,0.1229,1.78515,1.6365,-1.28937,-1.10152,1
0.59553,1.56228,-1.75201,-5.51006,0.30692,0.73369,-3.31215,1.31247,1.49952,1.93214,-0.30101,-1.64758,1
3.70949,-0.07868,-2.39583,0.61655,-3.52611,-3.00641,-2.44541,1.42559,-2.38325,0.84337,-0.83037,1.06473,0
0.76843,2.96327,-0.56228,-1.54487,-4.26222,-0.96432,-1.58904,3.04063,-2.62901,1.22052,-2.11431,0.8236,0
-0.8863,-1.81985,-1.89892,3.99743,2.50542,-2.60307,0.3101,-0.3105,0.99881,0.66285,2.08589,0.83644,0
0.81796,4.83439,1.49746,-1.6108,-7.09289,-3.81621,-0.37773,2.52399,-1.68405,2.36195,-1.79594,1.10114,0
-1.06787,-1.05052,2.05499,0.76349,3.64636,-1.18913,0.93679,-0.48439,2.79135,0.75313,-1.07359,0.84572,1
-1.99121,2.15496,-2.19056,-0.0431,-2.34294,1.1754,-0.12069,4.70076,-1.77875,0.94615,-0.17963,-1.33928,0
-2.43137,-2.33923,-2.83928,3.5727,2.66579,-3.44256,-0.8051,0.16078,3.72548,1.42075,0.07576,-3.78794,1
0.97522,2.47575,1.93253,-0.52616,-1.23309,-1.65474,0.10177,2.96501,0.32457,0.17853,-0.46478,2.07135,0
-2.64932,2.14417,-2.09602,1.62952,-1.86462,1.09058,-0.86342,3.74058,-1.95515,-1.21815,-0.80326,-1.80169,0
-0.06534,0.80251,0.19932,0.51954,3.19989,-0.13054,-1.03899,3.08649,1.07749,-1.02254,0.16625,1.99861,0
0.17539,0.91199,-4.90312,-0.38567,-0.69033,-0.5743,-3.60128,1.49274,-1.93822,0.78435,1.46488,-0.01451,0
1.40778,-2.21248,2.15381,-1.13392,7.38374,3.83753,-0.76029,-0.84199,3.57771,-4.89123,0.80777,0.19909,0
-0.67618,-0.84436,-1.66488,2.90447,1.28713,-2.33112,0.08042,1.57818,0.5431,1.20883,0.8344,0.6715,0
-1.34918,3.55698,0.97738,-4.15421,-1.9541,-0.83385,-2.49672,1.05945,2.18499,0.79855,-2.79212,-3.07748,1
-0.70988,1.37847,-0.85197,3.04412,-3.62112,-1.60152,1.20293,4.30102,-0.77785,-0.13146,0.12774,-1.53258,0
-3.53712,-1.78048,-0.17241,6.94091,8.88656,-1.10731,0.5904,-0.07595,2.0444,-2.83053,2.57752,3.81301,1
-1.03047,-0.65952,-6.79056,2.98409,4.61544,0.29282,-6.2414,2.46888,-0.86987,-3.26304,0.90147,-0.73385,1
3.97831,1.63714,-3.78161,-4.436,-2.01627,-0.97001,-4.29573,-0.06346,-1.31239,1.37935,3.34409,1.4531,0
-0.98677,-0.73742,-1.13155,5.73147,-2.04348,-1.17033,3.19869,3.26293,-3.20135,0.84042,0.70724,1.92345,0
0.21968,-2.3958,-4.3574,0.57351,-1.31141,0.6488,1.48637,3.8026,-2.25711,4.7741,0.85031,-0.51317,0
-1.21694,1.9314,2.79394,3.30343,-4.2825,-2.69266,2.04962,3.15024,-2.71292,1.10234,-5.09391,1.80215,0
3.35404,-4.53301,-5.05563,2.57475,-2.64952,0.88336,0.75721,3.09031,-4.1016,2.03172,0.03262,-0.87824,0
0.25653,-2.92967,-2.30895,6.1898,2.9582,-2.47489,-1.36166,0.91399,0.27062,-2.27168,-0.58628,0.0516,1
-0.66905,-1.13737,-1.11894,-2.64459,1.15266,2.48776,0.43588,0.235,-0.85909,2.93217,-0.65269,0.12227,1
-2.1185,-1.78551,-2.03635,2.89804,3.9824,1.11819,-0.61826,-0.49226,-1.51231,-0.56044,-0.18663,1.70288,0
2.58352,-5.05761,-2.29627,5.65802,0.02406,-1.28229,2.01913,-1.38497,-3.56109,0.70498,0.98593,2.87771,0
0.78707,-0.7478,-1.16464,0.21859,-0.82313,0.27809,-0.35982,-2.74341,-1.84951,-0.23581,1.28736,0.77562,0
-0.92413,-2.49851,-1.94809,-1.24878,4.65846,3.23984,0.97556,1.22993,-0.32913,2.70072,1.19261,1.67551,1
0.03577,-3.89117,-1.50074,2.5966,6.10514,-0.2843,-0.04397,2.30773,0.70273,1.72306,-1.4541,2.41933,1
-3.24302,-0.48544,-1.72393,2.26856,1.13826,-0.47539,2.59222,1.23833,-0.90684,3.72595,2.01804,1.68409,0
-1.38286,-2.03245,-1.41733,2.03526,9.75401,2.12096,-1.82403,2.95395,4.1193,-3.58717,1.87444,0.11053,0
0.10222,-0.31505,-3.76214,1.74482,-4.01762,0.82716,1.19513,3.80849,-3.73327,1.75936,1.23702,-0.85705,0
0.16316,-2.959,-2.5493,2.6434,2.98443,-0.57209,-0.18982,1.5519,-0.85165,1.66304,-0.4362,1.63833,0
-1.48917,-2.53392,-2.47589,0.7579,3.45922,0.10625,-0.04246,0.52868,1.51699,2.22878,0.3732,-1.19365,1
0.02593,-0.09062,0.72481,-0.12067,0.75756,-2.40379,-0.76689,-0.73271,2.08324,0.92803,-1.14508,-0.37483,1
1.30766,2.18293,-2.21306,-5.08691,0.92098,0.90429,-4.15402,-0.79813,0.94537,-0.2942,2.84016,-0.07236,0
-2.2629,-1.09924,-0.28862,0.85334,4.23374,0.96914,0.36284,1.28827,1.99529,0.22309,-0.21211,-0.52382,1
-1.94252,-0.65862,-3.12955,-0.00129,-0.26204,0.85278,0.34718,2.95288,-0.99529,3.277,-0.38368,-1.46417,0
0.59885,0.42125,-1.25814,-0.54602,2.95434,-1.05669,-1.97485,0.43742,2.0147,-0.40023,2.62727,1.04946,0
1.50377,1.54577,-1.25367,-4.83945,-0.93466,2.30754,-2.15462,0.61334,-0.79825,0.38539,0.84485,-0.18888,1
1.69606,-0.16843,-0.77667,-5.53695,0.40371,3.95285,0.21842,1.33409,-1.53881,2.87334,0.83595,1.6563,1
-1.23484,-0.09109,-0.75686,1.26148,-0.18973,-1.21451,1.23202,-0.99304,0.20679,1.43159,2.22897,0.27678,0
-0.63465,-1.18932,-1.50391,2.8607,0.59833,-1.74113,0.46808,-0.22449,0.08871,0.64427,1.27174,0.15558,0
-0.33561,-1.3264,0.06664,-2.6773,1.52514,5.02776,1.65131,0.95076,-1.9981,1.36363,-0.7833,0.97924,1
0.12771,1.50421,-4.44347,2.64282,-2.49019,-3.73032,-3.09495,4.69489,-1.7429,1.20833,-0.40696,-0.08926,0
1.58741,-3.20087,-2.66645,5.34225,-2.47577,-1.32327,2.22756,0.91454,-2.84549,0.42794,1.47037,0.11631,0
-0.76445,1.25926,-0.86061,2.82031,-0.72845,-1.31013,1.38344,0.71789,0.06139,-0.98738,4.74851,0.87444,1
-3.38193,0.9448,-1.87596,2.88815,0.02661,-2.9483,-0.07985,0.04089,1.47077,1.04774,1.70347,-1.62786,0
-3.784,1.38686,-1.1843,6.8183,0.22977,-2.75287,0.76578,-1.26922,0.70016,-3.48799,4.38116,-0.71923,1
2.40891,-2.30991,1.49349,-2.08432,1.17457,-0.95328,-1.10555,-0.10097,1.59858,1.77232,-4.99478,-0.55184,1
1.39508,2.73261,3.45404,-2.43665,-0.35391,-0.31618,-0.08562,2.20538,1.07035,-0.67752,-1.06443,2.07084,0
-1.6664,-2.84047,-1.65366,6.26807,6.19027,-1.80202,-0.50079,0.84285,1.064,-1.53911,0.24649,1.90299,1
2.65931,-2.58922,-3.04033,3.31103,-4.06174,0.44688,1.14646,2.92838,-4.40426,0.26468,-0.58203,-0.46851,0
-0.37368,0.02402,0.46743,-2.83462,-0.12006,2.39547,0.75927,0.67572,-0.71486,1.81803,-1.27159,-0.03149,1
-1.63383,-1.16153,-0.33569,5.17998,1.53001,-1.37078,2.10417,0.77138,-1.40053,0.22691,0.77426,2.81441,0
1.2496,-3.99725,2.99116,6.2361,5.37372,-5.16474,1.81992,-0.68579,3.57883,-0.31508,-1.55791,3.20764,1
-1.86286,0.06914,-2.56938,1.76193,-2.60591,1.14997,1.95698,3.56946,-2.91323,2.16525,0.46085,-0.69613,0
-2.99793,4.31879,0.31479,-2.31972,-1.27375,-1.27835,-0.99916,-0.7541,2.19608,0.46197,2.22789,-1.57816,0
-1.41839,-0.96601,-1.55987,3.26213,2.56365,-0.43355,-0.32603,0.46329,-1.32039,-0.19221,0.10743,2.14685,0
-3.08052,1.06296,-3.58121,3.48464,-0.86637,-2.92612,-0.72592,1.89178,-0.66557,1.7932,1.25669,-0.61333,0
-0.8877,1.03376,0.96947,-0.3123,-0.05029,-0.60376,-0.72738,1.48734,1.71251,-0.57087,-2.11153,-1.90772,1
-0.98339,-2.73775,-4.28635,3.96802,2.54406,-0.55557,-1.29993,0.10316,-0.27385,-0.57961,1.33127,-1.20435,0
-0.26105,2.02244,-0.73608,-5.81771,-1.95405,2.2555,-1.76818,-1.32043,-1.10923,1.97339,-0.50499,-0.92946,1
-0.67931,-1.6827,-2.56852,3.20468,-1.80086,-0.4122,2.68952,1.48001,-2.55968,2.66911,1.82394,0.58943,0
-2.85228,1.0389,-3.27101,2.93499,4.40282,1.28836,-1.53968,1.79791,-0.25816,-2.74398,4.37334,1.48614,1
1.07723,-1.91484,1.36874,2.28431,3.89193,-1.22521,0.80194,-0.14064,2.1936,-1.13891,0.90093,1.92869,0
-3.16152,-3.33541,-1.79754,8.0069,7.53252,-1.33351,-0.30362,-0.26401,0.04997,-2.17504,-0.14213,2.84189,1
0.34034,-2.04919,-0.2665,-0.00504,5.42697,0.20023,-2.17798,1.2462,2.21615,-0.5233,-2.53382,0.27318,1
-2.92912,1.32207,-0.82604,2.22576,-1.45047,0.21157,1.95331,3.4219,-1.16355,1.03256,0.4201,-0.44961,0
2.56023,1.35133,-1.65898,-3.22187,0.04943,-0.07712,-3.25349,0.41738,0.22567,-0.4262,1.88605,0.74473,0
1.3287,-2.05552,-2.8101,1.5916,0.47651,-0.11046,-1.34371,-0.22616,-1.26754,-0.46628,0.49758,-0.17129,0
-1.27121,-0.39238,-0.69823,2.48174,2.18189,-0.67629,-0.08057,-0.51339,-0.93214,-0.1299,0.60268,2.43646,0
4.00622,-1.95726,-1.66215,0.75656,3.51944,-0.12124,-2.44901,2.43272,0.25616,-1.95229,0.91904,2.41357,0
-1.79417,0.63606,-0.30491,2.14489,0.41436,-1.92268,-0.61067,-1.2834,1.07086,-0.96183,0.58389,-0.83639,1
-0.78808,2.54097,3.23667,-4.09325,-0.80717,1.4911,0.59926,-0.08175,0.03558,1.13103,-2.02506,1.07021,1
0.02971,-0.73148,-2.46158,3.75369,0.19989,-1.34668,0.03974,3.60647,-2.01625,0.68914,0.243,1.89422,0
-0.91537,1.65328,-1.2147,-4.78155,2.07938,1.10018,-3.14038,1.18476,2.39762,1.16082,-0.44092,-1.81079,1
4.02798,1.56492,-2.38219,-2.38874,-4.26755,-1.42233,-3.6828,1.60499,-2.9085,0.56006,-0.80954,0.98856,0
-6.40633,2.06745,-0.0749,6.8522,6.91512,-1.32178,-0.07164,-2.49041,1.26859,-4.51941,5.09931,3.74534,1
-1.76651,0.97387,-1.91714,2.87375,-2.76678,0.48127,1.02778,5.16976,-3.06161,0.56616,-1.23323,-0.45994,0
-1.94894,0.13624,1.82465,7.70452,1.00732,-3.79462,2.60339,-0.37047,-0.12662,-2.17793,1.49925,3.23709,0
0.27015,2.20455,4.73605,-1.31603,-1.54816,-1.6344,2.10055,-1.80024,1.97917,-0.12546,0.37606,1.13763,0
-1.55243,0.21318,-2.03802,2.86652,2.73089,-0.52047,-0.9197,1.33263,0.76623,-1.70835,2.61089,0.31605,1
-0.42239,0.74095,2.42199,0.53219,1.43535,0.81605,0.29672,1.60228,0.58041,-2.04962,-1.96597,0.75649,0
2.06282,-0.33576,2.61479,-2.08058,-0.38967,-0.47011,1.82052,1.86911,2.84525,1.25702,-0.41361,-0.78486,1
1.50624,-2.33034,2.54937,3.05122,2.34839,-0.66796,2.00913,0.08871,0.69456,-1.45532,-0.92032,2.19959,0
-3.16259,3.15005,-4.82768,-1.83266,1.47387,2.75805,-4.32488,1.07214,-1.43212,-1.59902,2.89873,-0.94332,1
-0.09552,-3.46076,-4.45383,3.54794,5.01865,-1.27927,-1.46277,2.80919,3.83573,-0.6764,2.76024,-3.06968,1
1.55153,1.3636,1.21653,-1.41222,-2.49375,-0.02733,-0.48209,1.19585,-1.32954,-0.17242,-1.95237,0.729,0
0.11445,-1.66644,-1.21097,1.83463,3.31449,-0.06485,-1.325,-0.39451,-0.98772,-0.49938,-0.69542,2.35879,0
-1.3834,-0.86478,-0.08697,2.88473,2.92307,0.27368,1.46525,1.76598,1.34588,-1.07877,1.70227,0.26819,1
-2.02957,1.20071,3.05485,3.50105,1.36303,-2.76369,1.98485,2.43596,2.11247,-0.38204,-1.17711,1.39805,0
-1.76457,-2.57101,-2.71797,4.04895,1.88452,0.45629,1.14056,-0.5152,-1.96913,0.55468,1.26574,0.89716,0
0.91231,-2.26318,0.38158,4.73408,1.48215,-2.80122,0.92374,1.05925,0.69725,-0.63328,-0.84891,1.13535,0
-1.5574,-0.32499,-0.61619,6.75587,-1.30377,-3.38128,3.60886,3.35834,-0.24866,0.74778,2.39923,0.8994,0
-0.04528,2.57329,1.24499,-4.09271,-2.29279,1.61093,-1.01023,0.87673,0.31085,-0.25574,-1.62218,-1.93981,1
-2.35783,0.27761,-0.84746,1.85005,5.01801,-0.58857,-2.37276,-1.01819,1.1341,-1.82924,0.36843,1.52153,1
1.46748,-1.41417,5.41198,1.21199,7.44552,1.40472,1.73635,2.24413,3.68146,-3.73505,-0.95885,3.82996,0
1.71853,-2.32138,-1.84465,2.25586,0.26613,-1.60298,-0.45712,0.85752,-0.15225,0.39536,-0.17432,-0.18269,0
-1.90778,-2.09861,-6.44215,1.10808,8.72841,3.30504,-5.03883,1.85743,0.50028,-2.55156,2.36449,-0.17704,0
1.42077,-1.32834,2.38987,3.43497,2.11919,-1.80127,1.42686,1.59159,0.80023,-1.26978,-1.07708,2.78224,0
-2.04987,0.25442,-0.26357,4.44193,-0.71806,-2.23001,1.71687,1.8527,0.30721,-0.09486,0.61545,-0.50092,0
-0.64296,-1.79186,-2.17642,1.19583,3.61272,0.26131,-0.63429,0.68694,2.04868,-0.33714,1.91164,-1.22996,1
-1.93805,0.78438,-3.53591,3.05392,1.38457,-1.1248,-1.55175,0.80985,-0.80385,-0.78836,3.16965,0.82552,1
-1.11835,-1.98553,-2.64453,4.61415,4.39879,-2.34092,-1.13626,0.76201,1.6512,-0.72598,1.64053,0.44146,0
1.81056,-0.01772,-0.83098,5.038,-5.89841,-2.02233,3.06119,4.46428,-3.63435,0.17205,0.76263,0.86224,0
-1.17998,1.00167,0.59006,2.25821,-1.32579,-1.43199,1.34884,1.95442,-0.05155,0.14898,-0.1362,0.04387,0
3.41299,-4.05767,-2.90817,5.52701,-3.64692,-0.85053,2.08283,1.77753,-4.18318,-0.03876,0.35818,0.20284,0
1.75271,-2.7229,1.34293,3.29068,5.50341,-0.71621,0.60159,0.80419,2.39185,-2.5126,0.93752,2.45347,0
-0.80792,3.96371,3.7258,-3.87627,-3.49325,0.64885,-0.80178,-1.00293,0.47797,-1.34141,-3.2086,-1.82085,1
4.41177,-1.67334,-4.90905,-1.74387,4.52086,0.40371,-5.10536,1.74928,0.73194,-1.27296,3.66915,1.64844,0
1.11368,-1.34692,-1.69384,3.28519,-0.93033,-1.9878,1.44165,1.56804,-1.69242,1.58627,1.74459,2.13605,0
-0.19461,0.01375,-3.39755,2.6657,-0.87764,-2.74119,-1.7871,1.98401,-0.2722,0.47106,0.70449,-0.96936,0
3.61608,-4.34899,1.02564,-1.55455,7.05058,-0.19878,-0.87685,3.50825,3.40092,2.22346,-3.66932,2.33095,1
-0.17475,0.1319,-2.70619,0.64148,-0.42225,-0.1877,-1.79492,2.38723,0.02296,-0.44502,0.05203,-2.12005,0
2.72439,3.46711,2.27244,-4.57541,-1.98624,-1.17155,-1.44504,-0.00202,1.18865,-0.04471,1.17452,1.68781,0
-2.4706,-2.33421,-0.95469,4.74378,5.07116,-0.57786,0.88296,1.78807,2.68748,-1.20019,0.69678,-0.99383,1
-0.15476,-2.38847,-6.54779,-1.70192,2.27117,4.70149,-4.51807,-0.32394,-3.44863,-0.60218,-0.52064,-1.85889,0
-1.23527,0.10328,-1.118,1.87902,0.22838,-0.7379,0.13154,0.51495,-0.89016,0.48534,0.49453,0.81367,0
-3.88413,-1.27186,-0.07526,4.87122,4.50087,-1.06174,1.97705,-1.52879,-0.64719,0.94928,1.02068,3.83198,0
0.34226,-2.55155,-3.55611,3.29542,4.88723,-1.49447,-1.86123,0.57485,1.50176,-0.76717,2.76929,0.72843,0
-5.85507,-1.34606,-0.8543,4.16504,4.89753,-0.61204,3.9138,-0.30728,0.94951,3.5939,2.99369,2.28158,0
-2.2714,-1.03628,-1.48228,3.17893,-0.38992,-0.53798,3.07455,2.99555,-0.95577,3.0131,0.70886,0.17259,0
-0.85555,4.48299,2.46752,-6.70275,-2.87241,-0.35811,-2.41496,0.85704,1.30894,2.30568,-4.54503,-1.62944,1
-3.63405,0.47626,-0.50619,2.99665,2.90701,-2.09239,0.92872,0.99877,0.44213,2.17412,0.6236,2.49584,0
0.87915,-0.27246,-0.6379,2.11179,0.55878,-3.07972,-0.32814,0.58241,1.29266,0.1964,1.58188,0.85571,0
-1.92884,-1.2103,-2.56034,1.33573,1.76929,-0.29694,1.19127,1.38089,-0.78024,3.65829,1.48668,1.4718,0
-1.25098,-1.7587,-3.08381,1.97358,2.12032,0.69776,-0.38872,1.35401,-1.51897,1.18479,0.08249,0.6429,0
-0.05392,-1.597,-3.77915,3.86772,0.34241,-3.16873,-1.18888,0.15496,0.16635,0.55828,1.92125,-0.73334,0
0.61254,-2.79302,-2.27758,3.63569,2.73791,-0.48297,-1.15431,-0.56468,-1.05471,-1.3651,0.07496,1.12381,0
-2.34962,-0.08056,-3.37921,-0.2202,3.35476,-0.32965,-3.36131,2.18156,2.54869,0.37734,-0.71022,-3.1319,1
1.30935,2.38737,-1.75534,-4.90512,-0.33518,0.99344,-3.38808,-1.14016,0.14336,-0.17196,2.75334,0.11182,0
-1.58276,-3.38001,-3.56892,3.51359,6.01565,-1.26831,-1.17978,2.99475,3.25332,0.77522,0.25742,-1.78814,1
1.31905,-0.28432,-0.79404,-0.32214,3.99726,0.04158,-1.83977,1.05988,1.29246,-1.14662,1.84031,2.18689,0
2.3584,-0.00271,5.3168,2.63049,-0.38579,-2.95541,3.20534,2.50869,2.08166,-1.02838,-1.55669,2.37268,0
-2.48836,0.05316,0.84441,1.70411,0.36905,-1.22517,0.45308,0.7185,2.48682,-0.32227,-2.03058,-3.21506,1
-1.07779,-1.14793,-2.97087,3.94476,-1.16175,-1.43755,1.32778,1.88746,-0.63031,1.00364,2.14898,-1.29039,0
1.5218,-3.35523,-4.21343,2.53852,7.51283,-0.1726,-3.1138,1.00101,2.10858,-2.08886,3.60071,1.2898,0
-0.86363,-0.39984,0.79444,3.40072,1.81572,-1.48462,0.86089,1.74738,0.50441,-0.61486,-0.68887,1.47466,0
0.13068,-0.57681,-2.24327,-5.07102,0.02881,3.68071,-0.74563,-0.05404,-1.77398,3.31502,-0.21391,-0.32934,1
-0.79635,0.10686,-2.01412,1.78184,-2.85805,1.36761,0.90299,0.7385,-2.93659,-0.59639,1.1069,-1.03821,0
-0.11839,-0.81527,-2.89363,3.0571,-2.67483,-0.56154,1.82002,3.17971,-2.79324,1.9997,1.41562,0.27237,0
-1.63585,-2.96001,-0.7559,7.80424,4.85114,-2.86177,1.23346,0.25683,-0.42589,-0.53686,0.19785,3.86245,0
-1.57237,0.31449,-0.98011,1.2069,2.21247,-0.66814,-0.80517,-0.18765,0.48381,-0.15347,1.07138,0.87981,1
-2.68181,1.95163,2.20379,-1.66802,1.4244,-1.18668,-0.0882,1.39788,2.81503,1.88931,-2.68293,-0.56365,1
2.20492,0.41577,1.35284,-0.1398,2.2791,-0.44101,-0.64219,3.05363,0.7869,-1.02903,-0.19838,3.05081,0
3.10332,-3.08336,4.94781,1.36995,7.01318,1.20656,1.53514,0.1356,4.14869,-4.50663,-0.2737,2.46461,0
0.21091,-1.59605,-1.81539,3.22854,-2.91515,-2.10874,3.36574,-0.35392,-1.02267,2.62198,3.77327,-0.05792,0
0.08882,-1.49265,0.01564,4.4366,2.00861,-2.87483,0.76334,1.32328,0.07588,0.34352,-0.4122,2.6173,0
2.04877,0.20843,-1.17045,-1.43916,2.5319,-0.22623,-2.38026,1.50653,2.0562,-1.18302,2.17242,0.4227,0
-1.27651,0.98585,3.65911,0.06341,-0.20511,2.06929,2.3214,0.63585,-0.5996,-1.36584,-2.24331,0.77274,1
-2.37982,0.06821,-0.28741,3.94525,-0.13484,0.41116,0.56525,1.0062,-1.50165,-2.15519,-1.31313,-0.62468,0
-1.62148,-0.57966,-1.57077,2.9323,1.25038,-1.35182,0.37404,-0.16859,0.07705,0.36017,1.71221,0.4473,0
-1.46819,2.20742,-1.53158,1.20078,-4.37901,-0.38754,1.50194,5.29608,-1.67133,1.66284,0.36237,-1.42454,0
0.30226,-1.62149,-2.74414,-0.32735,-1.08569,1.31083,-0.43449,-0.37296,-0.77558,0.47386,0.55254,-2.74187,1
2.43372,-1.27449,-3.36387,1.11527,-0.02782,0.08054,-2.91508,2.02017,-2.95981,-0.7051,-1.16036,1.23091,0
-0.54113,-2.04859,-2.71092,0.79831,8.35529,1.3559,-2.655,0.44604,3.85786,-2.70427,3.61407,-0.31702,0
-2.14803,-0.07851,0.7422,5.89209,2.75736,-4.8327,1.87799,1.9021,1.77181,1.13246,1.09663,3.15979,0
-0.02927,0.55409,1.2944,-2.39839,-0.50808,3.30401,0.87942,0.02673,-1.43532,-0.36631,-0.77493,0.39938,1
-3.35878,-1.34454,-0.97089,1.81013,5.56077,-0.08968,-0.11554,-2.1562,0.60703,1.19139,0.6896,2.27132,0
0.02698,4.37639,2.90317,-3.71519,-3.73983,-0.56476,-0.81177,-1.34954,0.91008,-1.06973,-0.13274,-0.94917,1
3.00498,-1.79089,-4.34385,-0.10873,5.21939,1.2759,-3.93608,2.67747,0.04276,-1.84049,2.96772,2.13357,0
-0.58294,-1.32817,-2.11752,2.1318,0.96671,-0.29454,0.51533,0.38222,-2.1111,1.71959,0.82887,2.24794,0
-0.56681,-1.90185,-1.48675,1.05588,4.26949,-1.90232,-2.92586,-0.53278,1.5536,0.69694,-2.67263,0.16359,1
0.16698,4.00608,1.05934,-5.55991,-2.84067,1.29162,-2.17108,0.47639,-0.23795,0.10398,-1.22515,-0.85833,1
1.24247,1.39981,-0.54465,-0.72564,-1.17241,-2.07416,-1.1012,0.79095,-0.37588,1.2282,0.86653,1.81572,0
2.16767,-0.44014,-2.17264,1.06066,2.47025,-1.15925,-2.12496,3.17323,0.60731,-0.83072,1.76653,1.78579,0
2.85927,0.3531,-1.25428,0.07268,0.37895,-2.21885,-2.18767,1.86091,-0.58219,0.3273,0.66709,2.98144,0
0.0485,-1.16724,-3.89733,-0.49362,1.05454,2.25929,-2.81518,2.12107,-1.96238,-0.1459,-1.50235,-1.24479,0
-0.51085,-3.87843,-2.30631,7.35343,7.46028,-2.55744,-0.57611,1.62252,0.64953,-1.05504,0.77085,3.88984,1
-0.08546,-0.95092,0.04758,-1.46121,-1.9143,2.9017,1.96964,-1.35834,-2.563,1.31346,-0.33487,-0.1761,1
-0.14826,1.23676,1.53677,0.92341,-0.28736,-1.51338,0.62087,1.8072,0.75722,-0.11173,-0.46999,0.95706,0
2.16154,2.59972,0.24716,-2.55822,-2.83142,-1.09194,-1.84001,1.6882,-0.94561,0.38181,-0.52139,1.23878,0
1.10475,-5.63324,-3.42572,6.77096,10.34714,-1.08376,-1.8743,2.38314,3.27611,-3.40447,2.27699,1.55032,0
-0.56686,0.82063,-3.4866,-3.02078,1.79272,-0.83814,-3.84553,1.90663,3.23423,1.522,0.91189,-3.26211,1
0.23406,-0.44956,-0.97378,-4.01586,-0.10471,3.40192,-0.48357,0.17024,-1.40014,1.82267,-1.18833,-0.60345,1
-3.46301,-3.24611,-0.86128,6.00333,6.03469,-2.01622,0.8764,3.24322,4.05869,-0.03336,-1.91069,-2.2019,1
-1.4708,-3.14387,-2.38068,7.08991,2.60827,-3.64963,0.86916,0.36711,0.83111,0.3427,0.92563,0.11624,0
-1.36115,-1.42596,-1.20646,4.47665,2.04059,-4.15454,-1.11285,-1.25099,1.56106,0.00756,-0.65895,-0.26678,1
-1.61141,-0.47493,0.46394,-0.99694,1.65115,3.98135,1.98788,-0.82569,-1.6363,0.16842,0.96364,1.3697,1
-1.43161,0.61395,-5.22386,1.87135,-2.1223,-3.31404,-2.19448,-0.28678,-0.72766,2.12146,2.6993,-1.68833,0
-2.49966,-1.07691,-4.33517,2.10725,4.51445,-0.98367,-2.6526,-1.59671,1.68112,-0.38149,3.2649,-0.9672,0
-2.51357,0.01949,-0.56783,3.26359,2.71504,-2.04784,1.28179,2.63628,0.72187,1.95878,0.80988,2.27469,0
1.07312,-3.81776,-5.38017,3.38396,4.62235,1.14102,-2.96484,2.10468,-0.47551,-2.21314,1.09632,-0.74778,0
-1.94855,-1.12486,-4.26008,5.22611,7.7213,-0.53013,-3.28011,1.91652,0.05775,-2.8662,2.72295,3.19649,1
-0.83167,-0.51154,0.52116,2.8044,2.7768,-1.71819,-1.11699,-3.23155,1.23679,-2.63034,0.60175,0.80701,0
-1.7191,-2.223,-1.81489,5.74683,6.51611,-1.46948,-0.47244,1.40004,1.22611,-1.52833,1.46657,2.40642,1
2.44464,-3.78767,1.39334,5.38968,5.43064,-2.43929,1.18867,1.71876,2.27849,-1.91963,0.10303,3.20642,0
-1.00721,-1.75373,-0.60085,4.96824,-0.67363,-0.9532,3.21739,-1.16675,-1.98912,0.30658,2.21924,1.55657,0
-1.75434,3.36835,7.07094,-3.55433,-3.71015,3.18056,3.73605,-1.84544,-2.59396,0.20517,-4.39288,2.18925,1
1.06631,-0.36272,-0.73209,2.59147,-3.06131,-2.81018,2.63982,3.07784,-0.96629,2.9088,1.40553,1.1615,0
2.59804,-4.1618,-0.82345,6.06271,6.13231,-0.96563,-0.62542,4.91698,0.51808,-2.82818,-1.59786,3.0394,0
0.98599,-0.27171,-2.80646,1.04064,-4.85372,-0.19631,1.90191,4.98361,-2.39003,2.82894,0.79089,-1.48196,0
1.29914,3.76942,2.48505,-6.92594,-1.63529,1.95356,-1.09054,-1.95084,1.74048,-0.94481,2.20788,-0.5414,0
-1.03682,1.79706,-2.91274,-5.54042,0.55383,-1.34404,-4.46524,2.6491,3.48525,3.99938,-1.93487,-3.97254,1
1.54515,-1.83354,3.17029,-0.69688,3.37617,-0.90951,1.4635,1.32609,3.76891,1.03031,-1.72235,0.71375,1
-2.72448,3.70683,0.56684,-4.62235,1.31936,1.10107,-2.54533,1.63034,1.75841,0.91593,-1.78205,-0.88731,1
-0.80171,-1.16747,-0.38158,1.04351,2.30495,0.76614,0.89361,1.99868,1.07638,0.22188,0.18431,-0.38149,1
1.17998,-0.46259,-0.01198,3.33951,1.39527,-3.54403,0.06269,2.34587,0.99581,0.16442,0.63268,2.44799,0
0.91843,1.18501,-3.61095,0.03251,-1.07888,-2.4731,-3.32908,0.72431,-1.21612,0.96975,1.42207,0.9386,0
-1.42665,-2.61585,-1.17119,4.52106,7.02515,-1.06358,-1.33139,0.13673,0.99442,-1.36297,-0.6101,2.60619,1
1.56633,1.82608,-3.49655,-3.44918,-1.15406,-0.38338,-3.94396,0.33338,-0.74175,0.91337,2.09299,0.04168,0
3.72195,1.59634,0.64982,-4.08631,-0.20017,1.42116,-2.67988,2.17337,-1.23179,-0.96038,-1.17746,2.5955,0
-1.71033,0.17783,-1.1092,3.99097,1.48506,-1.61829,0.21117,0.18906,0.55797,-1.51297,2.55069,0.50027,1
0.14503,-0.07423,1.73879,-3.50202,0.26005,3.72375,2.00518,0.36033,-1.86714,2.01802,-1.07943,2.19739,1
-0.50265,0.53917,-5.48087,-5.80429,1.65752,-0.58518,-5.47019,-0.27726,2.4665,4.01948,1.12018,-3.29847,1
0.91999,-1.24704,-4.33087,-1.53827,2.85034,1.84837,-1.39983,3.70431,0.85873,1.29015,3.37033,-0.66175,1
-0.75406,-4.65985,-2.3367,5.61411,7.92169,1.54532,-1.09321,1.13812,-0.74247,-2.71636,-1.26222,2.34273,0
1.85189,-2.56109,-3.70642,1.38125,-1.07742,-1.24368,0.2545,2.99556,-0.52579,2.7941,0.94971,-1.13473,0
0.72889,1.27075,0.58593,-2.41893,1.02049,0.50125,-1.15716,-0.60875,1.39718,-0.91547,1.59528,0.36265,0
-0.93184,1.50412,-0.21944,0.64458,-1.41194,-0.93804,-0.01895,1.45529,-0.87223,0.61534,-0.35175,0.51763,0
-1.50563,-3.0793,-6.71264,8.35474,2.1509,-0.56874,-1.18013,3.46224,-2.44728,-2.247,2.13592,-0.89975,1
-2.06878,-0.92933,-1.60665,4.06406,-1.02133,-0.50607,2.32299,0.86776,-1.41891,0.74467,1.34296,-0.44999,0
0.74833,-1.91414,-3.44081,0.26792,0.7811,2.42204,-1.8051,0.23693,-3.70688,-0.05245,-0.86863,0.95583,0
4.04414,-1.53082,-3.23861,-0.7017,-0.74925,-0.94531,-2.51672,-0.71695,-0.23719,-0.48135,2.63426,-0.47369,0
-0.57002,-3.08802,-2.23149,7.39847,0.80807,-3.00501,1.76511,0.88079,-0.65181,-0.04717,1.25584,0.48984,1
0.81385,-0.00697,-0.03861,-3.45736,-0.54862,1.84304,-0.63671,1.37406,-0.14847,1.42336,-2.03875,-1.07076,1
-0.75568,1.5463,-0.74987,0.42135,-1.07371,-2.13874,-0.51575,0.04036,1.01458,0.44449,1.82352,-0.58717,0
0.99091,-1.99768,-4.78146,-0.66349,-1.4746,3.00681,-1.88102,-0.35722,-3.08758,-0.36199,0.57397,-2.60839,0
1.13187,-4.6898,-2.10623,5.38264,8.6713,-1.64867,-1.87315,2.77625,1.61197,-1.24939,-1.05021,3.20962,1
0.67884,0.70528,1.65788,3.54551,-3.53519,-2.56005,2.22336,2.29291,-1.09328,-0.3324,-0.9187,0.8068,0
-1.2388,0.94714,-2.20327,2.3195,1.60304,-1.78936,-1.74844,3.68302,0.00015,0.17685,0.02342,1.03487,0
1.02823,1.03672,2.15019,1.66559,-4.73283,-3.05825,1.5357,-0.05919,-1.22377,0.64007,-1.85345,0.56235,0
3.67567,-2.92795,3.16557,-0.25614,8.5601,1.89737,-0.26079,0.10041,3.9386,-4.18782,1.25214,3.46695,0
-2.5432,4.11094,2.18569,-1.41698,0.99222,-0.41192,0.26727,-0.78533,3.20515,-1.68648,3.89077,0.0469,1
-0.90725,0.39069,-0.54734,5.21663,-2.74578,-3.48303,3.85083,4.72172,-1.77141,3.08421,1.44109,2.59736,0
4.18898,-2.90069,-0.94405,3.41554,4.04293,-2.91395,-0.80025,2.18349,2.58034,-1.72856,2.69438,2.23548,0
-1.39964,-3.09505,-3.51252,6.6237,4.98726,-1.53481,-0.63899,1.34547,-0.91143,-0.64299,0.88073,2.37784,1
0.48148,-2.22711,-1.58974,2.95711,1.80649,-2.48465,1.22559,-0.32318,0.24279,2.15271,2.59933,2.28767,0
-1.13904,0.20142,-1.81706,2.75087,2.7773,-0.06722,-1.27653,4.73626,-0.03065,-1.18754,-0.43943,0.77927,0
1.12186,-0.60648,3.08625,0.80278,3.71331,0.19909,0.70315,0.98709,2.44037,-2.47006,-0.34438,1.71347,0
0.50566,-1.07384,-3.62012,-0.1327,4.74595,0.6283,-3.76711,2.31682,-0.28263,-0.06458,-0.023,1.75452,1
-0.08424,1.6741,-1.10303,-2.04006,2.47142,1.65726,-2.53374,2.35662,-0.72447,-0.57137,0.17596,2.23093,0
3.01335,-2.51868,-3.22716,2.53082,-3.8286,-0.42989,1.43668,3.04987,-3.84006,1.99138,0.50139,0.43263,0
1.58918,-3.87901,0.12763,1.81485,4.39157,-2.25242,-0.57316,1.07882,2.09239,1.64651,-3.3628,1.09317,1
1.07595,1.08453,-0.38886,0.48121,2.45665,-1.11543,-1.89076,4.90557,1.03262,-0.72587,-0.32633,2.07014,0
-2.79232,-2.48509,-4.1392,2.7457,4.89191,-0.93421,-1.29211,0.09803,2.84179,0.72164,2.08539,-2.54926,0
2.42789,-3.91059,-5.66639,2.94321,6.90631,-0.6936,-3.73817,1.9235,1.219,-1.4171,3.51161,1.47331,0
-0.08788,-1.51087,-0.61563,3.29679,-0.32954,-2.29407,3.01713,2.08954,-0.20909,2.94775,1.46012,1.57968,0
2.80705,-0.6489,0.12401,0.81933,-4.00246,-2.48948,1.47941,1.4688,0.50577,1.12134,0.58902,-1.44653,1
-0.80868,-1.63442,-1.81898,5.04745,0.94705,-3.29209,1.92265,0.49722,0.23147,1.61626,3.10482,1.56308,0
-1.89561,1.92396,1.70241,-1.97931,0.38384,1.96403,-0.77896,0.48357,0.28933,-1.20981,-2.62306,-1.00767,1
0.54925,0.21566,-0.06575,1.49271,-0.96093,-1.26886,-0.11123,1.65187,-0.41589,-0.28001,-0.76559,0.2804,0
0.63133,-4.79986,-1.4496,8.19033,5.27399,-3.65986,1.04229,1.43523,1.74966,-1.03764,0.91824,1.81171,0
1.62631,-1.04761,2.08853,0.46193,2.75662,0.54335,0.59754,0.66767,1.75443,-2.08099,0.09616,1.11702,0
-2.24594,-1.7526,-3.84033,6.47527,2.16652,-2.51223,-0.91336,0.46955,-0.62051,-0.78613,1.20798,-0.04324,1
2.24408,2.57348,-0.97142,-2.85416,-2.30338,-2.57722,-2.35971,0.26243,-0.02538,1.59062,1.90886,1.6127,0
-1.58577,0.05391,-2.53204,4.17757,-0.54255,-4.08385,-0.26867,1.50285,0.17542,1.57279,0.97457,-0.09392,0
2.01149,-3.95678,-4.05713,4.82747,2.65022,-1.08374,-1.97189,1.86693,-1.62579,-1.14074,-0.56019,0.92775,0
-3.40817,-0.21808,-1.14003,2.32999,1.86823,0.02358,0.78145,-0.86749,0.10854,0.34488,1.27236,-0.15931,0
-3.29429,-1.61862,1.23434,6.88759,7.66692,-1.92451,0.25096,-1.07043,3.02084,-3.85129,0.60942,1.97938,1
2.25569,1.41192,-3.8718,-2.25864,-1.45866,-0.93222,-3.77688,1.11203,-1.70186,1.00889,2.00544,1.10714,0
0.70016,1.70309,-1.0842,-4.35561,-5.17123,0.2257,-0.51234,0.92699,0.05952,2.59281,-0.30724,-3.83978,1
-0.6767,1.79116,-2.09687,-4.45979,1.01171,0.43646,-4.00017,0.52129,1.54778,1.11265,-0.572,-1.96335,1
0.25715,-2.97747,-4.44681,2.40468,1.77936,0.66865,-0.8775,0.98769,-2.14382,0.91003,0.87749,0.44495,0
-2.64846,-1.25882,-4.61059,4.43555,2.99827,-2.49414,-1.66463,0.40095,1.07979,0.30778,2.51509,-1.07922,0
-3.66242,0.21544,-3.97972,6.73546,8.78785,-0.5939,-3.0845,1.47997,0.86884,-4.91102,5.03534,3.36818,1
2.45244,-5.98297,-2.37291,7.93586,3.82372,-2.86518,0.62175,0.66446,0.65222,-1.79738,0.87822,0.76403,0
1.11013,0.78039,1.04093,-2.42834,4.83934,2.62933,-1.91022,1.5778,1.02562,-2.46161,0.5398,2.77982,0
0.55332,-3.23921,1.56576,4.71024,3.33549,0.28022,1.40035,1.02691,0.31934,-2.83534,-2.37236,0.82897,0
-5.1837,0.87515,-8.30478,7.0428,2.9279,-0.31413,-4.07924,1.14341,-2.91,-3.36591,4.66134,-0.3321,1
2.64291,-0.99909,-0.98821,3.45489,-3.85835,-3.02409,1.50663,1.04562,-1.38087,0.36943,1.6835,0.39605,0
3.71,-1.28518,-5.94373,2.55761,-0.99083,-6.39901,-3.17422,0.44434,0.25408,2.47729,4.90893,1.27652,0
0.39132,-2.6448,-0.56232,4.4922,3.02439,-1.8322,0.65721,1.12561,1.39763,-0.96508,0.46068,0.54621,0
-3.20634,-0.98765,-1.17217,3.6678,4.60197,-2.54126,0.8679,0.31232,1.89779,2.02472,1.82366,1.9022,0
0.41973,-2.47756,-1.92823,2.27699,1.98793,-1.00776,-0.05838,2.36007,-0.38014,1.78787,-1.17611,0.93414,0
-1.05397,-0.6052,-4.31484,3.37668,0.73577,-1.09865,-1.14512,1.76552,-1.11361,0.11334,2.41872,-0.03811,1
-4.12176,1.56236,-0.22322,1.86009,2.79905,-1.73062,0.40165,0.60836,0.95126,1.72068,0.99533,1.99491,0
-3.04942,-3.87045,-2.80169,11.79046,6.75489,-3.53083,-0.45559,-0.32679,0.2668,-3.93197,0.85614,1.87879,1
-4.55623,2.11576,2.11445,6.09258,3.08301,-3.43589,1.04671,1.25265,0.89185,-1.45504,-0.4752,3.33579,0
-1.49882,-0.72123,-1.75345,2.48471,-0.89412,0.29007,1.36387,0.82228,-2.26734,1.10329,0.42738,0.31769,0
-4.02731,-0.46174,-0.28234,3.05128,5.65055,-1.59542,0.76115,-1.68478,1.35545,1.38954,1.94073,3.2464,0
-2.95128,-0.66678,-1.83886,3.08958,2.39938,-1.4736,1.81387,0.64438,-0.16077,2.93623,2.60961,2.26628,0
0.90686,1.37949,-1.45601,0.11399,0.10836,-1.15263,-2.27242,3.52929,-0.52733,-0.13967,-0.39131,1.28223,0
-2.66488,-1.77271,0.35,6.42717,5.47258,-0.57724,0.88933,4.40574,1.73512,-2.47897,-1.99592,0.42787,0
-2.51242,1.36936,-1.46189,2.07255,0.14287,1.08888,-0.78361,2.5351,-1.58252,-1.62712,-0.60287,-0.42191,0
0.39356,-0.36639,-3.12989,3.97529,0.04249,-4.70244,-1.47668,2.54355,-0.95314,2.06965,0.34972,2.31839,0
2.92035,-0.23057,-2.37953,1.15964,0.37893,-2.6606,-1.99658,3.00691,-0.02555,0.36599,1.60635,1.95326,0
-0.83881,-0.68221,-2.25393,0.54568,1.64957,-0.54744,-0.58371,1.27034,-0.24246,2.08661,0.50383,0.83618,0
-1.18097,-1.12527,-0.81227,3.12189,6.42169,-2.53866,-0.26358,0.42581,4.31078,-0.57397,3.89563,1.45223,0
-1.77927,0.88008,3.31556,2.60504,3.35391,-2.52869,2.24668,-1.0147,3.8582,-1.12698,2.74964,1.94411,1
-1.62145,-1.77946,-2.76044,2.67053,0.74004,-1.28608,2.19415,-0.63445,-0.95908,3.57194,3.4577,1.50332,0
-1.36417,1.34262,-1.72968,1.37462,-3.15541,-0.18211,1.79287,3.39284,-2.47799,2.22389,1.27987,0.47771,0
1.34036,-2.67936,-1.89776,3.85656,0.06594,-2.35489,0.88331,-0.58415,-0.61191,0.6757,1.78007,0.88884,0
-2.67299,0.57108,-0.38104,2.19564,0.33624,-1.19478,1.68849,0.4612,0.27524,1.38373,1.60979,0.4942,0
0.4117,-3.10692,-2.4656,3.46955,7.66105,-1.28078,-1.58267,0.22128,3.38312,-1.79053,3.61831,1.30414,0
1.03339,-3.566,-7.16747,7.36336,3.46894,-4.14083,-2.94839,4.81789,-0.59515,0.35691,1.66955,0.99051,0
0.90971,-4.82424,0.18085,6.37016,6.15311,-0.90237,1.15186,0.64048,1.68156,-2.73693,-0.05169,1.62966,0
-3.86726,-2.00894,-0.0038,8.69062,4.34397,-2.95133,2.63409,-1.68644,0.46708,-1.2364,2.10277,2.67817,1
-0.14955,-0.63631,-0.62617,1.63041,2.71295,-0.80376,-0.80784,0.22848,2.23937,-1.72577,1.59101,-0.62891,0
-1.3464,1.70043,3.25265,1.08888,2.45657,-3.5388,1.4806,-1.74341,4.08385,0.02494,2.88604,2.16367,1
2.62596,0.14803,-0.83243,-3.47964,3.76089,2.40954,-3.15839,0.23773,0.19822,-1.81356,1.5549,2.44926,0
-0.0864,-0.96291,-1.27886,1.73538,-1.21016,-0.03006,1.66419,1.95432,-0.73264,1.06259,0.90471,-0.69005,1
-0.72972,0.1666,-1.08456,-1.8624,0.80463,0.59829,-0.86478,-0.07507,0.72702,1.24045,0.31409,-0.91311,1
-1.05256,-1.12817,-4.22769,4.40163,4.59734,0.81849,-1.65685,3.04897,-1.07803,-2.40789,3.02648,1.80873,1
0.53295,-3.75564,0.65898,7.84726,2.67207,-3.33061,2.27432,-2.70095,-1.20242,-1.23223,0.64683,4.28822,0
0.47121,-1.73642,1.84508,-2.8154,1.51129,6.97765,4.11188,0.90838,-4.01332,1.50013,-0.32433,4.02315,1
-1.1147,0.23971,-0.00023,-4.6493,1.76555,4.05067,0.05707,0.71867,-1.08622,2.56746,-1.35183,1.00712,1
-2.438,-2.35949,-4.1117,3.96525,4.16761,-2.79335,-1.98016,-0.22273,3.93804,-0.266,1.95223,-3.80571,1
3.12746,-4.11126,-5.05,3.11732,3.52969,-0.68149,-3.10744,0.91667,-0.44264,-1.52201,1.67497,0.34663,0
-3.44042,0.93277,-2.09409,3.58677,1.45241,0.02854,-0.15349,1.51803,-1.32359,-0.86765,1.31493,0.8111,0
-4.48405,-0.17218,-0.99199,3.18012,4.2596,0.21163,0.77351,-0.82811,-1.28594,1.01925,0.78908,3.35543,0
2.92557,-0.86463,3.15531,0.94025,0.16944,-0.79146,1.15816,0.88434,0.99526,-1.83604,-1.28941,1.28692,0
-0.0151,-1.34561,0.04317,2.86773,-0.10811,-0.88948,1.53352,-0.95073,-1.48492,0.31042,0.24094,1.74811,0
-0.15378,-1.76718,-1.8299,1.15607,4.85003,-1.21627,-1.44611,-2.72688,4.14938,-1.61554,4.50511,-1.28845,0
1.52655,-2.81247,-2.62489,3.62491,1.75859,-2.86776,0.04931,0.87507,0.01932,1.50391,1.80201,1.78247,0
-0.04028,0.13918,2.60252,-0.19099,1.6849,0.79073,0.62889,-0.23931,1.51284,-1.83717,-0.78657,0.22368,0
-0.49534,-1.55741,-7.63821,-3.58571,9.37623,3.11561,-6.94507,-3.34409,3.21777,-2.01502,7.65241,-1.26673,0
-5.24493,1.4766,-2.09348,3.20288,5.21919,-0.3026,-2.1978,-1.56373,1.16987,-2.5332,2.6161,0.54257,1
-0.46487,2.68581,-2.46263,-0.31312,-0.17254,-1.92072,-2.78753,3.27986,0.34989,0.46653,1.37537,0.41371,0
0.90918,1.9152,0.67241,-7.88279,-1.69697,5.10374,-0.32465,0.58519,-2.56112,2.55397,-1.2612,1.10608,1
1.56115,0.85928,-0.75547,2.33247,-5.43069,-1.18089,0.86649,2.4749,-2.495,-0.85561,0.15583,-0.87405,0
-2.33089,-2.23353,-3.34552,2.61891,9.86269,0.89903,-3.66587,1.05169,0.48354,-1.05614,-0.32248,3.41601,1
-2.17758,-1.47385,-1.53074,4.30997,0.78209,-2.07003,3.20363,0.69477,-0.88042,3.35764,2.48567,2.25934,0
-2.51941,1.43343,-1.89669,3.05629,-3.99147,-1.53373,-0.32875,2.28048,-3.2107,0.95724,-2.84395,-1.1086,0
1.45667,-2.28505,1.52267,1.09212,3.10795,-0.2911,0.97619,-2.70451,2.59793,-1.85161,2.00516,0.35412,0
-1.75869,-1.78281,-1.93609,4.76696,1.18257,-1.39821,1.27493,0.59282,-0.61492,0.54096,1.00389,0.34245,0
-1.0701,-2.38032,-4.04023,2.79151,1.32291,-0.8702,1.30467,3.50416,-0.52814,3.7731,1.72954,0.16731,0
1.2904,-2.43958,-4.48263,0.03474,-0.06781,-0.06362,-0.83313,1.94188,-1.4358,3.17773,0.73727,-0.40531,0
2.09002,0.69685,-0.40876,0.51481,-2.87087,-3.36265,-0.36308,0.11427,-0.02674,1.00976,1.16803,0.61478,0
3.28237,-2.40666,-2.00512,3.54224,-1.22159,-1.06667,-1.2528,1.56939,-1.66841,-2.36938,-1.00517,-0.56795,0
-4.39915,-2.03143,-9.23557,7.82945,8.97759,-0.44874,-6.11546,2.16158,-1.94256,-2.9604,2.31186,1.90634,1
1.1893,1.23416,3.35617,-3.62165,1.09161,-1.57544,0.95008,0.02542,3.89139,2.11349,0.72524,1.12591,1
1.18048,-2.65339,1.47446,1.00009,6.17231,-1.03189,0.04722,1.1136,2.84586,0.45155,-1.21798,2.77347,1
-0.03613,-2.92368,0.2,4.14896,7.86598,-3.21811,-1.32642,0.40278,3.45426,-0.69041,-0.82979,2.9017,1
3.40199,-1.70775,4.0379,5.10912,-0.80763,-4.72274,2.66964,2.0143,0.90819,-0.82039,-2.49205,2.85916,0
0.58057,-1.88613,-2.94027,1.97244,0.99393,-0.33238,-0.89991,2.84641,-1.44536,1.14264,-0.96438,0.52929,0
0.18606,-1.4456,-2.74955,-1.99161,2.9717,2.90389,-1.02804,3.00878,0.25305,1.17341,0.48632,-0.67728,1
-1.46581,1.47956,-1.93823,0.63755,-3.28344,-0.52181,1.75094,5.8554,-1.40105,3.52964,0.20567,-0.6984,0
1.22056,0.43966,-2.63005,-0.57368,-1.30877,-1.67769,-2.70432,-1.08127,-0.50849,0.23775,1.26771,-0.44103,0
2.59866,-1.85299,-4.52049,0.36369,2.45355,0.58108,-3.63906,0.92559,-2.41701,-0.46191,1.11999,2.37781,0
-2.2318,3.14073,2.84491,-2.29667,-3.06858,0.36231,-0.41616,-1.74439,0.65574,-1.15088,-3.04044,-2.92433,1
0.00788,-3.66373,-0.88462,6.29102,1.34378,-3.75539,4.43793,1.33402,-0.14328,3.71535,2.36587,3.20415,0
-0.66645,-0.33484,-4.35635,5.39066,-0.31491,-1.25758,-0.5411,2.38093,-1.56201,-1.86646,3.81117,-0.23803,1
-0.65505,-0.13808,4.70609,1.87965,-0.89603,-0.17931,3.11397,-1.31455,0.78428,-1.75541,-2.41459,-0.25832,0
-5.78645,3.14393,-0.82473,-1.03763,3.62961,2.65696,-2.41095,0.7086,-0.22447,-1.08276,-1.2616,-0.00771,0
-0.7863,-2.50179,2.31638,4.43124,5.61715,0.65472,1.07401,0.97963,2.12668,-3.84634,-1.80477,0.64701,1
-0.49347,-2.37925,-2.18626,4.13711,3.83371,-4.10834,0.33778,-1.54782,2.32215,1.62138,3.96548,1.73171,0
-2.90581,0.83492,-1.56876,0.1177,-1.10507,0.67732,2.02555,0.84088,-1.56067,3.22199,1.85783,0.42897,0
2.30695,1.83149,-2.4171,-0.92409,-0.54404,-2.50572,-2.85231,3.39695,-0.5183,1.26667,1.6259,2.52721,0
-3.41796,0.96326,-0.34163,1.23819,2.34466,-2.06347,-1.76162,0.82014,3.71897,-0.46035,-1.49594,-3.18866,1
-2.4648,-1.59806,-1.9037,3.18987,2.29301,-1.05599,2.01165,1.4684,-0.1233,3.03119,1.43543,1.38326,0
0.28801,-0.44341,-1.4852,-3.85902,2.81932,2.95374,-1.64011,0.8383,0.27999,1.11345,0.16238,0.1477,1
-0.42912,-2.14192,-4.35634,0.42612,4.86357,1.87593,-2.84557,-1.17215,0.00022,-1.18592,2.67319,-0.05525,0
-3.00524,-0.06684,0.71905,5.5826,2.96682,-4.43774,2.77044,0.74414,1.3836,2.16642,2.17126,3.89658,0
0.95825,0.63584,-2.52573,0.21772,-5.43374,-0.04601,1.23171,2.19541,-2.54147,1.62793,2.1401,-1.46033,0
-0.23739,-1.51547,-0.5882,3.16298,1.69336,-1.44574,-0.79499,-0.71441,-0.24655,-1.00907,-1.27142,0.63753,0
-3.41832,0.87747,-2.20527,3.35155,6.76731,0.31282,-1.54454,1.20214,1.49532,-2.77516,4.35683,2.32646,1
-3.47438,0.75064,-3.29344,2.42435,-1.0957,1.10603,0.49772,1.2308,-1.52325,-0.20394,2.32553,-2.12598,0
0.00126,-3.39796,0.42005,3.13202,3.63988,-1.19055,0.73053,0.56734,1.14649,0.57578,-2.62538,0.71091,1
4.30501,0.12788,0.72307,-0.99755,-0.22075,-0.47618,-1.51511,2.637,-0.9699,-0.95372,-1.16541,2.90513,0
3.80434,0.74905,2.33237,-1.16916,0.28903,0.5284,-1.40281,4.11206,-1.06466,-1.90895,-3.4977,3.14626,0
0.30347,0.72663,1.1287,4.78547,-4.12449,-2.62,2.82948,-0.4325,-1.76266,-1.4256,1.99668,1.0855,0
2.09147,-3.66613,-1.95708,5.43259,-1.49364,-2.26419,2.13567,0.65368,-2.2339,0.91563,0.75083,1.09057,0
-0.46011,0.97758,-1.03319,0.41365,-2.10747,-1.01824,0.84276,5.00338,-0.50011,2.60497,-0.83577,-0.39979,0
-3.05021,-3.25464,-5.42701,11.90669,6.72424,-3.62495,-3.07622,-0.05957,-0.69411,-4.83972,1.51914,1.49894,1
2.80795,2.26928,0.21993,-4.44596,-0.87411,1.2985,-2.49813,1.51169,-1.34209,-0.27395,-0.2351,2.29801,0
-2.11671,0.49254,1.32469,7.89192,2.40101,-2.90896,-0.18026,0.04956,0.00576,-5.20811,-0.4509,2.05725,0
-0.29221,-0.54794,0.13926,2.70725,0.31383,-1.28334,1.68756,1.38662,-0.39672,0.72548,0.62791,1.68601,0
0.48336,-0.95296,-4.31802,-0.06336,5.12553,2.01953,-3.93685,4.06853,0.16308,-1.52839,0.86459,0.40203,1
3.60396,0.24461,2.52381,-0.65042,-1.99167,-0.75407,0.43586,1.16743,-0.49897,-0.86368,-1.46799,1.69286,0
-0.97165,-1.76174,-4.78747,1.1357,5.67788,0.28931,-3.28097,-0.49106,1.98503,-1.17522,3.74341,-0.91341,1
1.81932,-0.33038,-3.67864,-1.19792,-1.90898,1.18184,-3.32332,0.32089,-3.34227,-0.31367,-0.98527,-0.53435,0
-2.33773,-0.45242,0.95226,2.67995,6.30458,-1.66908,0.70562,-0.18471,5.54712,-1.65974,3.60064,-0.05222,0
-3.07621,2.86504,-1.1193,1.24032,-4.32628,-1.53059,-0.27441,1.51873,-2.20828,1.37211,-1.80542,-1.32361,0
0.68025,-0.65613,-9.15022,2.33105,-1.22628,-2.90435,-5.19326,2.37735,-2.50033,1.72168,2.62725,-1.23239,0
-0.46103,-2.1552,2.1623,3.28937,4.0741,-2.17642,2.31453,0.43998,3.13215,0.38141,0.00337,1.46882,1
-0.66619,1.14434,-2.14538,-0.30229,-0.88295,-0.49615,-1.01393,0.72722,-0.41382,0.7737,1.74097,-0.41749,1
1.74225,-5.86816,-0.30411,5.46574,5.15499,-0.46257,1.07671,-2.16055,1.4582,-2.6997,0.58548,0.40499,0
-1.00711,-1.40051,-4.34573,1.21342,4.94538,0.25067,-2.50017,-0.15093,1.36126,-0.66362,3.83116,-0.14926,0
-0.4162,1.48115,-2.97769,-1.80844,0.29472,0.48687,-2.9338,0.35811,-1.27053,0.53759,1.26396,0.6178,0
-1.68639,2.89002,-0.4092,-5.75099,3.01505,1.41568,-3.4441,1.58967,2.03468,1.61837,-1.01376,0.03841,1
-3.05397,-1.17837,1.01223,5.23195,4.6105,-3.20017,2.39196,-0.74617,1.74959,1.20464,1.45038,3.41483,0
-1.60908,3.43233,2.43855,1.71073,-3.64151,-2.46964,2.37819,2.27396,0.06554,0.37772,0.39842,0.65216,0
-4.40115,0.47766,0.31508,2.11193,4.29899,-1.43003,0.02597,-0.31126,3.60618,-0.11543,0.4882,-1.03119,1
-1.44193,0.30178,-3.93621,-0.72384,-3.33134,2.46222,0.39429,0.25644,-2.8268,1.30169,2.52524,-2.55858,0
-0.70297,-1.33622,-0.56799,2.43695,3.5003,-0.81532,0.85016,2.81597,2.96881,-0.23087,1.53715,-0.6341,1
2.3327,-1.91269,-2.33248,-0.63015,-1.76153,0.64322,-0.81892,2.8023,-1.01362,1.13752,-1.84955,-2.17558,1
1.08671,0.12136,-2.75475,-2.16416,1.92165,0.74189,-3.58513,2.08552,0.16964,0.0458,-0.23627,-0.15789,1
-1.3061,1.82048,0.22209,1.10713,-1.50427,-0.93459,-0.2175,2.66855,0.05012,-0.47988,-1.34583,-1.00968,0
-2.20179,1.01092,0.15136,3.36727,-0.33377,-1.1356,1.35219,2.09976,-0.88925,-0.03615,-0.08491,1.09598,0
1.43235,-0.50616,2.92044,-2.87616,5.50694,-0.6372,-0.57591,1.27905,4.74487,0.82975,-0.95648,1.81542,1
-0.19224,-0.16158,1.45219,5.89749,-2.96638,-3.58834,3.69852,1.05923,-0.65578,-0.18853,1.00991,1.07447,0
2.23137,-2.4032,-2.47044,1.5817,1.67709,0.27893,-1.79441,0.23217,-1.07595,-1.43162,0.32824,0.59477,0
0.31599,-0.62248,-0.25272,4.75999,-3.1614,-3.75058,3.85301,1.74715,-1.2731,2.58742,2.28804,1.94051,0
-2.24347,0.70172,0.81569,4.62305,0.17202,-3.38665,3.25527,1.7821,0.33689,1.80932,2.08767,2.74779,0
-1.66298,-0.20035,0.77789,0.23279,3.50489,-0.08978,1.5703,0.2674,1.3373,1.79375,1.54216,2.46607,1
-4.03636,-0.18592,-5.35897,4.7426,6.72024,0.07215,-3.78951,0.99247,-0.24944,-2.68133,2.86595,1.24914,1
-2.07859,0.74379,-0.85025,2.20865,-0.45318,0.52944,1.25729,-0.1078,-2.61193,0.14832,1.50964,1.99265,0
-1.67545,-0.28893,-0.68239,1.20555,4.58097,-0.25525,-1.1353,0.63532,1.91433,-0.71633,0.68528,0.73072,1
-1.90223,-0.56133,1.40809,0.02108,3.67511,1.6215,1.06919,1.95737,1.13455,0.48662,-1.85478,0.78214,1
0.47551,-0.13432,-0.53975,-1.57125,0.07692,1.66648,0.16579,0.30184,-0.10703,0.15244,1.15216,-0.38825,1
-4.13716,0.35623,2.00748,2.9151,2.80859,-0.57552,1.05851,-0.43203,2.14345,-1.33807,-1.66847,-0.92297,1
-3.28502,-2.64965,-4.29126,1.34468,4.01763,1.35046,0.88857,0.49886,-0.74579,3.97026,2.02631,0.60168,0
-0.31883,0.62114,1.25982,-2.48537,0.22549,3.70352,0.37446,0.07618,-0.75437,-1.25244,-0.79298,-0.35594,1
-1.91922,-2.1068,0.9742,6.57728,9.26078,-2.17152,0.18325,0.79498,3.7831,-3.30022,1.58771,3.39083,1
-1.02318,0.25263,-2.39685,2.29571,1.06234,-2.29053,-1.21145,1.65688,0.97284,0.31513,1.54493,-0.30054,0
0.12122,-4.83526,-2.55877,6.14581,2.08472,-1.81893,3.27909,-0.21478,-1.68377,2.65112,2.40065,2.82681,0
-2.91268,0.93203,-2.51174,2.38863,2.10454,-1.21804,-0.5131,3.67327,0.13855,1.4473,0.99375,0.90345,0
-1.10043,-0.17824,-1.06916,-0.38826,3.50503,0.17615,-1.94356,4.01881,2.91696,-0.06955,-1.81419,-2.07647,1
1.5804,-6.50203,-2.37399,7.63597,1.11072,-2.98581,4.15841,-1.44271,-1.45979,2.43639,2.61916,2.19066,0
-1.47154,0.77668,-2.2771,1.38827,-1.08421,0.90186,-0.03672,2.73791,-2.54284,0.44057,0.1982,0.28539,0
-3.25647,-1.29748,-2.47618,3.07444,3.66544,1.34035,-0.47155,1.44585,-1.26606,-0.10527,-0.87669,0.509,0
-1.30289,-0.78499,0.34849,-0.04109,4.58573,1.51782,-0.3676,0.63995,1.17549,-0.49069,-0.646,1.03915,1
0.18315,0.30276,-0.88763,2.82102,-0.31394,-3.92385,-0.26045,0.74496,1.39959,0.31168,1.77788,0.25678,0
-2.60195,1.22669,-0.74665,2.6781,0.61155,-0.629,0.07055,2.35981,-0.28171,-0.51548,-0.00013,0.17845,0
1.71895,-3.42752,-5.88387,0.8551,-0.98351,3.2807,-1.73781,0.82747,-5.03965,0.1427,-0.21728,-0.98043,0
0.71199,-3.13537,3.60396,7.14677,7.02193,-2.39357,2.35853,4.30435,3.6767,-3.16377,-1.76075,3.14882,0
-1.61971,-0.15204,-1.40831,-0.99154,0.12979,1.98756,-0.6193,-0.804,-0.05352,-0.28368,-0.00626,-2.56755,1
-1.98519,-2.20123,-4.44974,-0.31231,5.40871,1.04672,-2.19465,0.80792,0.11371,2.83255,0.35411,0.62427,0
2.05963,1.46774,4.47904,2.09287,-2.56814,-4.1559,2.57459,2.51215,0.75918,0.4396,-1.46404,3.00746,0
0.35567,-0.41899,-0.66418,3.68675,-2.71242,-3.22575,3.03721,2.22629,-0.68166,2.46423,2.1939,1.1475,0
-3.85886,-1.43823,0.77684,7.78404,4.66923,-3.72149,4.01694,-0.28566,0.49959,1.60612,2.6736,5.24327,0
0.34168,-0.89427,1.46108,4.47587,1.46967,-4.56674,1.48963,-1.03423,1.60985,0.09032,1.39418,2.76643,0
-1.32675,-2.69472,1.32314,3.82712,8.30078,-1.84542,0.55317,0.45233,3.27256,-0.07445,-0.44283,3.52617,1
1.10885,-2.30818,0.21647,3.07164,8.67374,0.14342,-1.10629,3.82285,3.49092,-3.32507,0.90268,2.63716,0
1.09434,-4.70305,-2.55473,5.90413,4.60235,-2.20364,-0.35147,-0.49981,1.06164,-1.29875,1.38556,0.75544,0
-1.00752,-2.56291,-5.24611,2.88346,1.05788,-0.79538,0.65336,1.64591,-0.33789,2.83902,3.68446,-0.96253,0
-4.45513,2.89561,4.36119,-0.69,1.36401,-0.55886,0.43734,1.57252,2.86554,0.10934,-5.2276,-1.2397,1
-0.34365,-1.61697,-1.69156,0.74538,0.15605,0.80414,0.88913,1.45877,-1.9176,2.31998,-0.815,0.72038,0
1.3387,-1.82145,0.73086,2.20149,0.97191,-1.9898,1.14119,-1.86832,1.40628,-0.44923,1.59506,0.67776,0
-2.63857,1.1396,-0.91553,4.12324,0.86396,-0.37602,-0.12891,1.70318,-1.38321,-2.03184,0.35148,1.06244,0
0.51467,0.16088,-0.35169,0.31573,0.6104,0.10904,-1.01813,1.75414,-0.41972,-0.69865,-0.96642,0.60696,0
-0.04541,1.31363,0.25041,-2.7922,-1.30642,1.84607,-0.71014,0.55869,-0.02207,-0.4024,-0.72442,-1.70114,1
0.00768,-2.35739,0.29872,2.66027,3.63339,-2.39725,-1.05699,-0.59892,2.12119,-0.36558,-2.41913,0.13337,1
-3.70303,0.07954,0.27145,0.7556,3.89799,-0.41804,-0.62065,1.5561,3.71519,0.10286,-1.96028,-2.56683,1
3.0308,-3.08368,-6.27881,0.1961,6.83466,0.53241,-5.04569,0.84486,0.34559,-1.05314,4.2569,2.32113,0
-3.02397,0.36358,0.65105,4.78849,-3.17099,-2.07403,5.5278,1.36812,-1.03507,2.58088,2.22767,0.49319,0
-2.85511,1.77388,1.62158,0.8673,4.58051,-0.16613,1.35972,-0.11589,2.86024,-0.84963,4.17631,2.54268,1
-1.1233,-1.65864,-0.96367,3.87268,2.1286,-3.09107,1.80111,0.5996,0.50749,2.7506,1.5175,2.46455,0
-2.03235,-1.82236,-1.77758,2.61321,4.57486,-1.22916,-0.1891,-1.64962,0.51317,1.31624,1.51398,2.18142,0
1.25569,-0.61896,0.21853,1.34203,0.50569,-1.87294,0.147,-0.59146,1.00369,-0.38451,1.39545,0.83503,0
-0.79568,2.72939,-1.27822,-5.18511,-0.01285,0.78102,-3.15532,2.03972,1.24185,1.79518,-0.97515,-1.61529,1
1.59909,-4.04528,1.46376,2.88627,9.4869,1.64529,-0.45299,0.72532,1.93723,-3.62082,-0.74203,4.01531,0
2.22829,-4.64589,-1.63927,3.00985,9.37686,2.61805,-1.99632,2.7885,0.63967,-3.70206,-0.29144,3.20007,0
1.80825,-1.84421,-2.49648,1.87541,2.38492,-0.08361,-2.35482,1.31573,-0.61899,-1.73514,0.02921,0.76906,0
4.31631,-2.72407,2.04942,-1.06133,8.99882,0.82257,-1.21134,-0.26789,5.31113,-3.71124,3.40143,3.13254,0
-0.23904,0.07028,0.93458,2.51427,-0.58087,-1.3554,0.58525,1.42849,0.11546,-0.95118,-1.46208,-0.1318,1
1.34077,-0.41155,-2.96105,-2.47676,6.57131,2.01749,-4.14446,1.10501,2.2912,-2.00584,3.5371,1.1199,0
2.3297,-2.61539,2.73157,-0.08335,1.54853,-2.76236,1.21492,0.42648,3.54821,2.08419,-2.91896,-0.19861,1
-1.22148,-0.35053,-4.21596,0.04279,-1.48531,1.75754,0.28846,3.47719,-2.95569,2.91619,0.78664,-0.62574,0
-0.83751,-3.6146,-2.23899,11.42877,4.38863,-3.78406,2.0563,1.74738,-0.0016,-2.75602,3.67645,2.99984,1
-4.72914,0.15068,-7.23749,5.94584,3.88348,0.47788,-3.78111,1.24138,-2.12314,-3.14628,3.37211,-0.57105,1
-2.02464,3.51775,0.07879,-3.7281,-3.40097,1.20237,0.23707,-0.5087,0.51306,0.86563,1.98061,-2.68556,1
-2.92518,-0.84052,-3.20789,1.76478,2.82678,0.71964,-0.46825,-0.45528,-1.69487,1.49743,1.34752,1.52102,0
-0.38788,2.4461,3.63901,-2.91325,2.66004,-0.49291,0.76444,-0.66976,3.50902,0.1704,2.1994,2.38323,1
2.84073,-1.36444,1.29711,1.74652,-0.09918,-1.36037,2.22191,2.92665,1.72837,-0.32098,1.33665,0.43854,1
-1.74466,4.58671,4.34433,-5.55051,-4.14694,1.26422,0.4605,-1.52985,-1.44252,1.78046,-3.87879,0.65992,1
-2.01779,2.47691,0.06183,-3.95935,0.81055,-0.56093,-2.29548,1.15465,3.10381,1.79897,-1.52639,-2.40786,1
-0.22967,-0.68673,-1.94502,2.79267,-1.24449,-1.19691,1.15211,0.9949,-1.19487,0.9136,1.92375,0.24771,0
-0.36382,-2.33323,-0.40778,-0.9638,1.14602,3.87762,1.94138,-1.20634,-2.05667,1.09972,-0.01884,0.56446,1
0.68457,0.91849,-3.63686,-5.08133,-0.94163,0.0198,-3.28335,0.1232,0.74788,3.16453,1.22567,-2.1804,1
1.23957,-1.43891,-3.66336,3.21361,-4.43762,0.08723,1.03437,2.54657,-3.50721,0.22645,1.13949,-1.69328,0
0.00606,0.94678,0.41358,0.40067,1.2223,-0.68522,-0.46538,1.50479,-0.09408,-0.07953,-0.00493,2.28204,0
1.16824,3.29096,-0.37348,-2.80286,-5.1385,-1.85092,-1.31425,0.21638,-0.61697,1.21977,0.86064,-0.76436,0
-1.20474,-0.31063,-7.07507,3.03873,0.32605,0.93461,-3.18149,3.0305,-2.87364,-1.29689,2.57278,-1.35663,1
-0.17617,2.95984,0.49067,-6.85379,-2.31397,2.68122,-1.58975,-0.7923,-1.07629,1.82555,-1.17692,-0.50127,1
-4.51336,-2.68537,-2.94649,6.95225,11.3848,-0.50076,-3.81736,-0.3735,1.48059,-3.96012,-0.92496,2.28307,1
-0.145,-0.3943,-1.07308,2.99543,-0.02862,-2.62445,0.44792,0.40928,0.40191,0.39621,1.76136,0.56719,0
0.60912,-1.1657,-0.99912,3.00674,1.62321,-0.55497,-1.37178,0.08967,-0.98526,-2.2792,-0.60934,1.11144,0
-3.90267,0.16025,-2.16243,2.99414,1.51531,-2.06726,1.82205,2.98465,1.37398,3.40099,2.1616,-0.21584,0
0.27991,0.53102,1.78431,-0.64447,4.02976,-1.549,-1.02162,0.39698,3.97161,-0.8394,0.61357,1.023,1
-0.7827,1.57857,-3.8208,-0.57291,0.28183,-0.34027,-3.71421,2.10179,-1.01614,0.21158,0.38318,-0.25582,0
-1.80162,-0.48701,0.12367,4.66462,1.50058,-3.39837,1.98379,0.49076,1.41949,0.81443,1.88584,1.38639,0
1.58056,-1.20179,2.72713,3.75107,-0.39454,-2.59691,1.83991,1.02836,-0.37508,-0.56547,-2.52837,2.37784,0
0.22983,-1.16421,0.02638,5.23368,1.33513,-1.86369,0.72224,0.82337,-1.40733,-1.53066,-0.00648,3.03901,0
-1.33013,-1.88631,-5.77707,3.56981,6.91816,0.08203,-3.44482,3.19067,-0.60872,-0.44908,2.05361,2.51896,1
-1.08021,1.33892,-1.0931,1.88153,-1.50848,-0.22574,0.45692,3.23194,-2.13171,0.36331,0.02961,1.0784,0
-2.3936,-1.61711,-1.57481,5.14479,7.00819,-0.71617,-0.14443,1.71196,1.41216,-1.48951,2.12122,2.65337,1
0.1874,-0.55224,-2.59253,2.9406,-2.06535,-1.2664,0.259,3.27027,-1.60303,0.76904,0.14453,-0.67232,0
-6.44132,-1.62369,-5.64362,8.19783,4.77228,-2.64407,-0.82558,1.18395,0.98791,0.0577,2.20286,-1.73856,0
-2.50929,-4.96154,-4.46876,7.76217,8.93914,-0.81483,-2.07594,1.62346,-0.05105,-1.36356,-1.19673,1.80123,1
-1.40308,-0.67558,-1.06896,2.4397,2.48524,-0.47492,0.07883,0.57378,-0.55464,0.31904,0.48781,1.91149,0
-2.00353,-3.12369,-4.80475,4.62947,9.07188,-0.38301,-3.15723,2.52704,0.53596,-0.47324,0.47316,2.60041,1
0.61975,-4.95736,-2.69121,5.11233,-0.3267,-2.09514,3.98454,-1.7435,-0.92315,3.19515,3.59265,0.38849,0
3.15729,1.96263,2.23613,0.2869,-2.67901,-4.98792,0.71288,1.72796,2.18914,0.76272,1.88168,1.84958,0
-1.1871,-0.3997,0.34715,-2.3765,0.93893,5.49435,1.47531,0.00937,-2.71534,0.16237,-0.64742,0.93735,1
-2.31602,-0.74063,-3.64701,2.15401,-0.09364,-0.16795,1.48958,2.84514,-1.1186,3.23923,2.20115,-0.33976,0
0.84575,2.01516,-0.60112,-6.38026,-1.55502,2.43821,-1.21693,1.24592,-1.08064,2.91479,-0.2148,0.38809,1
-3.12323,4.82664,-1.45518,-1.1613,-0.62951,0.28386,-1.53435,0.0212,1.10417,-1.94599,5.27559,-1.14183,1
-2.04496,-0.44547,0.95062,6.08568,2.13848,-3.53681,2.84915,0.48282,-0.19606,0.90451,1.58438,4.40684,0
-1.16472,1.31901,1.16981,-1.12409,-2.28747,0.60484,0.2348,-0.41425,-0.32275,-0.10219,-1.95792,-1.80902,1
0.21872,-2.83595,-2.22099,2.5264,0.06531,-0.44633,2.11994,1.45909,-1.44105,2.91645,0.80964,0.77254,0
-3.78712,2.3094,-2.20044,2.24828,2.1883,0.33399,-1.34313,-0.37673,0.12062,-2.54359,3.98833,0.15301,1
3.08706,1.63448,4.70042,-0.53841,-1.68869,-1.166,0.7233,2.8801,0.59691,-1.76538,-2.96387,1.98245,0
-0.42842,2.22013,-3.16273,0.39728,-4.26694,-0.13928,-1.39821,1.31851,-1.42596,-1.22402,2.49078,-2.89667,1
4.22298,-3.39948,-2.53217,0.73397,4.81276,-0.04687,-2.50873,0.4727,0.95688,-1.67185,2.30352,2.02641,0
-0.39658,1.07152,-3.38498,-3.28039,1.86939,-0.71562,-4.49553,0.75809,2.84271,0.83404,0.94941,-2.82106,1
0.98854,0.2965,0.55814,4.54991,-3.37014,-3.10625,1.57826,2.18543,-1.23827,-0.84544,-0.22036,0.67824,0
-1.68079,-1.73349,-3.54591,1.03197,1.99686,-0.0138,0.33496,1.9701,0.02575,3.27489,1.29341,-0.3701,0
1.65979,-2.77527,-3.2501,2.70812,-2.3094,-0.17679,0.85745,0.86313,-2.06658,0.59849,1.1572,-1.49444,0
-1.79853,-2.01459,-6.33837,5.86863,4.44684,0.93953,-1.85527,3.82991,-1.94168,-2.0096,3.09058,0.8001,1
-0.26021,0.98931,0.79665,-0.66839,3.77131,-1.15989,-0.8738,-0.30373,4.08741,-1.19684,3.16016,0.46687,0
0.56026,-0.93025,-4.85902,3.72319,-0.59459,-2.35636,-1.94932,3.37306,-2.45575,1.09177,0.42756,0.88587,0
1.1808,-0.70523,-3.50777,1.22334,-3.60325,-0.27016,1.08184,1.93671,-3.65208,2.65849,2.16851,0.85185,0
0.32461,3.71835,1.8424,-8.22164,-1.94546,2.20743,-1.97323,2.50301,0.24007,2.70975,-3.8305,-0.53164,1
1.63814,-0.39041,-2.55918,0.11068,-2.56814,0.36135,1.31925,4.07761,-0.64853,1.52318,2.8776,-1.22037,1
2.43258,-3.01728,-2.54026,3.06703,5.34715,-1.86436,-1.93906,1.61932,1.4164,-0.92399,1.91787,2.46754,0
-2.7188,-0.17921,-2.22842,4.93072,-0.75825,-4.59924,0.96786,-0.32011,1.96299,1.24814,2.87011,-2.13085,0
0.01798,-1.90188,-3.33574,3.86492,2.30703,-1.24419,-1.78305,1.59467,-0.3507,-1.04197,0.35488,0.00066,1
-4.64539,-1.38599,-2.60057,2.54266,6.04957,0.48657,-0.05729,-1.03535,0.1869,1.64336,1.58638,1.84919,0
-4.81685,-0.32853,-0.10266,3.18646,6.09436,-1.12471,0.58263,-0.65323,1.64833,1.06141,0.65526,2.46193,0
-3.2299,-2.1495,3.507,5.97955,12.08956,-1.48226,2.32813,-0.2185,4.92138,-2.2429,2.14507,5.84815,1
0.23947,-2.1507,-3.64403,2.00663,-2.74089,2.64823,0.84761,-0.72919,-4.87357,-0.16359,1.0675,-0.77105,0
2.64813,0.83775,-0.79068,1.06899,-2.97039,-3.50513,-0.92489,2.46128,-1.27038,1.21828,-0.34355,1.84099,0
1.83823,2.74009,3.58682,-6.692,-5.03886,4.91478,1.3114,-2.10508,-3.72206,-0.17952,-1.31446,1.21112,1
-0.22288,-0.91563,6.17536,-1.52166,9.4324,-1.53886,0.3514,-1.94535,6.2345,0.14842,-1.93088,4.59948,1
-0.37532,-1.37541,-1.41877,5.5318,3.4458,-3.89104,0.01221,3.25649,3.06175,-0.75893,1.87848,0.21412,0
1.50566,-0.70996,-0.03376,3.21878,-1.17592,-3.30604,0.05365,1.01007,-0.25299,-0.07154,-0.76945,0.92043,0
-3.28651,2.31516,0.2364,-2.28693,3.18507,-0.1484,-2.53142,1.12106,2.78588,0.58062,-1.92958,-1.04299,1
0.12519,-2.4471,-2.97237,3.20965,3.53564,-1.5517,-1.46548,-0.87529,0.74044,-0.60496,2.02404,0.52447,0
-4.67227,2.40618,-1.40331,2.06541,4.16367,0.90901,-2.26152,3.94984,-0.32772,-1.53263,-1.43068,1.21392,0
0.66757,-1.03576,0.1841,0.83299,2.48273,-0.22748,-0.46698,-0.87054,0.6062,-0.98176,0.51417,1.37694,0
-0.45085,-1.14741,-2.2578,3.24011,-1.73325,-0.74018,1.74901,0.88734,-1.81011,1.08147,1.95615,-0.08706,0
1.6275,-1.58202,1.36414,2.96444,3.86227,-2.07108,1.07234,1.8038,3.00468,-1.29014,1.74686,2.03497,0
-2.54154,2.06725,2.50644,7.02716,-3.88262,-2.8312,4.42068,2.26047,-1.63583,-1.60549,0.56474,1.26168,0
1.22708,-3.70963,-2.42356,4.69995,0.13254,-2.47749,2.8846,-1.68259,-1.89973,2.73666,3.89959,3.05713,0
2.52498,-0.8371,0.81551,1.18255,2.93803,-0.63807,-0.64317,3.11292,1.56288,-1.90068,-0.02378,1.84091,0
-1.77616,0.49305,-3.60559,0.36391,2.27246,-1.81197,-3.35613,0.70992,3.00594,-0.15948,1.76619,-3.07729,1
-0.04,0.03746,-1.07096,2.38992,0.26521,-2.90699,0.78128,3.64021,-0.22627,2.73496,0.49854,2.47659,0
3.31649,-1.42756,-2.17894,-0.68268,3.42651,-1.12263,-2.33838,-0.1249,2.83223,-1.10598,4.38779,0.53066,0
-3.51363,-0.71566,-0.48507,3.58896,5.05071,-0.79435,0.29241,0.40162,0.79488,0.19525,0.08701,2.10319,0
3.33498,0.10627,-6.74868,-1.60437,-0.79617,-1.92782,-5.45604,0.56723,-2.00446,1.47579,3.44204,1.10153,0
0.99325,-1.24081,-3.68815,3.03552,-3.72156,-0.1625,0.83087,1.618,-3.95221,0.76702,1.57372,-0.16439,0
-0.30401,-2.41139,-2.01294,2.09739,0.55444,-1.3015,1.96732,-1.77049,-0.65898,2.98008,2.87712,1.28039,0
0.50058,3.23174,2.85847,-5.5146,-4.74279,0.33101,1.05244,-0.44985,2.00254,1.31062,0.23126,-2.99411,1
1.02765,-1.14186,-1.09661,-0.2737,3.02015,1.09131,0.02171,3.5748,1.17058,0.38691,1.24307,0.73736,1
-0.96441,-2.0338,-1.54444,4.83751,2.38715,-2.01586,0.87498,1.09753,-0.45516,0.75009,0.52552,1.93987,0
-0.72272,-0.30959,-3.92789,0.85733,-1.80783,0.13165,0.87275,2.78511,-2.41849,3.28542,2.24399,0.1832,0
-0.22659,0.92797,0.86051,-3.88578,4.43509,0.89705,-2.01045,0.6388,2.72747,0.68279,-0.38,1.21465,1
0.69151,0.28513,-0.20516,-0.1565,1.94603,0.49554,-1.41634,1.36304,0.71437,-1.71075,0.30889,0.53819,0
-2.87536,-3.55138,-4.57966,5.90963,5.42435,-0.09491,-1.24147,0.24085,0.14659,-1.30366,0.92372,-0.96171,0
-2.67432,-0.37124,-1.97344,6.3213,3.7268,-4.00791,-1.0173,-0.82078,1.39641,-1.51494,2.54156,1.40592,1
2.73303,-4.85803,0.73331,7.30729,6.51235,-2.25944,1.16737,3.89628,3.04384,-3.36431,-0.05937,2.03397,0
1.64351,-0.58479,1.09146,-1.35621,3.49786,0.25791,-0.81003,-2.30814,1.05019,-0.85824,1.64803,3.00542,0
0.81398,-2.66489,-2.96783,1.87216,4.08761,-0.00576,-2.34071,-1.26341,0.05144,-1.32258,1.25879,0.78256,0
-0.31273,0.95927,-0.36607,2.91102,-1.74257,-2.03821,0.26364,3.72277,0.17936,-0.64263,-0.5253,-0.90598,0
0.75601,-0.08298,2.98879,0.50459,3.15885,-1.37561,1.50082,0.86182,3.63023,-0.6405,1.39057,1.68096,1
2.847,0.46594,3.66323,-1.32902,-0.07411,0.48041,0.65882,0.8863,1.16317,-2.17935,-0.98797,1.08326,0
2.31184,-0.08995,1.335,-1.13371,2.00408,2.12408,-1.36035,2.2147,-1.53774,-1.9487,-2.60571,3.06421,0
-0.45209,-2.89269,-5.78311,4.32321,3.9992,-0.65297,-2.95507,1.45013,-0.50949,-1.05981,1.50723,-0.42956,0
-1.19305,-0.94193,-1.10711,3.54074,0.56611,-1.4912,1.71049,1.86534,-0.46106,1.41821,0.92624,1.09539,0
4.66463,-2.01826,-0.32786,-0.39391,4.76505,0.65818,-2.2164,2.78034,1.90345,-2.80575,1.07709,2.08367,0
-0.34607,-0.10043,-2.87577,0.14904,1.2601,-0.19356,-2.64833,1.95593,0.27112,-0.10235,-0.37058,-1.24576,0
1.50782,1.39917,-1.4455,-3.99623,0.6534,2.77799,-3.2451,1.07962,-1.05117,-1.25171,0.20124,0.4328,0
2.95589,-2.3709,3.23463,1.28093,4.35666,-0.57215,1.38332,-0.34731,3.08545,-2.22287,0.90418,2.39097,0
0.13417,-2.66904,-2.63581,3.15918,0.69896,-0.69578,1.31663,-0.22446,-2.16502,2.01366,1.70838,2.00699,0
-1.56543,1.6706,-3.15473,-0.4615,1.04116,0.19995,-2.90829,1.85004,-0.87831,0.21266,0.70171,0.27114,0
2.24941,-0.63965,2.34193,-0.56262,2.92471,0.18778,-0.13937,-0.16766,1.48226,-1.72879,0.03789,2.38235,0
2.87471,-1.62148,-1.23748,2.29394,1.424,-1.82954,-1.04396,1.79792,-0.42895,-0.53988,0.46234,2.42736,0
-0.41713,0.56799,1.07426,2.11578,-0.92026,-1.86745,1.56842,-0.28303,1.1069,-0.6103,1.73163,-0.10535,1
-0.50326,-2.18481,-4.55731,0.59367,5.20778,-0.44578,-2.92073,3.88098,3.41589,0.84128,0.87326,-2.59769,1
-1.73159,-0.55125,-2.79816,3.33261,0.94174,1.26595,-1.01679,-0.6396,-2.47036,-2.45848,1.15549,0.04259,0
-3.32044,-0.38072,-4.67514,-0.37268,1.58634,2.77576,-0.97662,1.57903,-1.51369,1.83972,1.19911,-1.58005,0
-1.37878,0.11105,1.2916,-1.36123,1.55617,0.42097,0.64751,0.03273,1.30863,1.48001,-1.24485,0.02786,1
0.76214,0.94453,-0.53535,-1.79415,0.94117,1.42547,-2.17166,1.73519,0.38567,-1.67715,-0.36317,-0.53922,0
-1.42999,-0.44068,-0.70499,3.85067,1.93363,-3.73889,0.69042,-0.40756,1.537,1.00692,2.27944,1.5322,0
0.27688,-1.80795,-2.08243,2.89743,1.73969,-0.63534,-1.04396,-0.14489,-0.85059,-0.95205,0.2801,0.67452,0
1.55,-0.17945,-2.68486,0.53058,2.0289,-1.79529,-2.05046,1.17507,2.45865,-0.85517,4.22408,-0.35619,0
0.43338,-0.12451,-0.80929,2.05187,-0.174,-2.95876,-0.44744,0.99746,1.88978,-0.14099,1.09074,-1.063,1
0.7045,-2.41475,2.39307,2.27348,5.22627,0.35275,1.14099,-0.2334,2.88494,-2.72188,0.17522,1.11759,0
2.08789,-3.23342,-3.57755,3.26328,-1.32203,-0.9603,0.36026,0.73281,-2.33398,0.98594,1.04948,-0.06216,0
-5.82743,0.75422,-1.07327,3.07296,2.06184,0.06995,2.92585,2.22659,-0.05608,2.76751,1.63402,0.78425,0
-0.89759,-5.40671,-6.20899,9.90393,7.10079,-1.1448,-1.46421,3.92179,-1.29902,-2.17873,0.98567,1.73741,1
-0.49493,1.8219,1.48009,-5.09603,-1.64152,4.28835,0.80992,-0.91967,-2.75128,1.36368,-0.92483,1.38897,1
-0.95334,-0.1941,-1.48173,1.06458,-1.13992,-1.84916,2.82215,2.34624,-0.403,4.88907,2.50174,1.45632,0
0.69448,1.16981,-0.45676,-5.52999,1.91108,3.14044,-1.88134,3.55663,0.05367,1.79444,-1.45653,0.86481,1
-1.25627,2.96646,0.83214,-6.02833,-1.37344,0.93299,-2.05845,-0.03176,0.74893,2.38695,-2.82456,-1.54603,1
0.87623,-1.90427,-2.7718,4.41852,-3.76944,-0.91176,2.61851,2.37469,-2.83067,1.05538,1.85835,-0.66579,0
0.66315,-0.6967,-2.57213,2.63136,-2.83493,-1.20571,1.30271,2.56217,-2.033,1.55997,1.64529,-0.02241,0
-0.92471,0.77009,-6.70961,1.35374,-1.17234,-1.97277,-4.37713,1.52548,-2.96638,1.69121,0.93792,-0.10571,0
-0.5348,-3.90142,-4.17784,6.22607,6.29554,-2.02563,-1.54203,1.1537,0.96227,-0.99149,1.80245,1.25574,0
1.25096,-2.21308,-4.21978,-2.96052,3.85021,3.29225,-1.60099,5.02967,0.61579,2.31143,0.95004,-0.75789,1
-2.72005,3.84869,1.46158,-2.71411,-0.31027,-3.28901,-2.19854,1.3555,4.26118,1.79492,-2.43364,-2.57291,1
-2.42443,-0.00453,-3.37517,2.76417,4.13631,0.7259,-2.45895,0.71146,-0.96598,-1.92246,1.58671,1.30624,1
-0.59371,-3.2693,-1.39874,4.21225,8.7103,-1.30577,-3.00333,0.94523,2.60236,-2.37068,-1.80014,1.51949,1
1.32958,-1.8506,-3.57032,1.94183,-3.78575,-0.77705,1.96304,1.70592,-2.32543,2.83433,2.59391,-0.9448,0
3.31371,3.11982,4.44288,-3.65827,-1.00556,0.00732,-0.19701,3.58387,0.38564,-0.71151,-1.93093,3.51771,0
1.03532,1.33834,0.86543,-3.49101,-1.82735,2.251,0.21703,1.41749,-0.88314,0.46296,-0.52669,-0.07602,1
2.53897,-2.24263,-3.89151,-0.46251,-0.90386,0.01475,-1.71111,3.86268,-0.99874,2.07501,-1.39299,-1.7029,1
1.91278,-2.49687,1.37091,2.61076,7.41386,-0.35793,-0.04762,1.76472,2.63705,-2.37978,1.00667,3.99823,0
0.48259,-2.73393,-2.93781,-3.9475,9.04224,6.90742,-4.26713,-3.82596,0.74183,-3.99634,2.84287,0.41893,0
0.5908,-1.26,-0.1391,3.73649,0.89363,-3.48288,0.53508,-1.22678,0.62262,0.0379,1.41064,1.77185,0
-0.97705,-1.00073,1.03165,5.65147,1.83521,-4.35376,2.22244,-0.19722,1.21833,0.51772,1.40147,2.82079,0
-0.04789,-3.17649,-3.13975,4.93097,1.17098,-0.94855,2.10353,0.09677,-2.88513,2.00041,2.80354,3.20676,0
5.09587,-0.51484,0.99635,-1.4774,1.52946,-0.9144,-1.38405,1.13729,1.8099,-1.73875,1.69057,2.14652,0
1.08871,0.21029,-0.33089,-3.92917,-0.47501,3.18047,0.49384,0.18113,-1.82781,1.7072,0.97913,1.41719,1
3.20557,-1.74128,2.62785,-1.21922,4.2107,0.77894,0.09554,-1.50754,3.09054,-2.53722,1.55994,1.57871,0
-1.19265,1.40475,2.58387,-1.83237,-0.92017,1.3771,0.65118,0.10745,-0.6342,0.27167,-3.23215,0.12645,1
-1.53156,2.8476,-2.8452,-4.38824,0.01277,-1.17221,-4.47618,0.02539,3.11547,1.28897,1.0484,-3.83823,1
3.91073,0.94566,3.68016,-2.1608,2.42701,-1.35579,0.00119,1.5336,3.45339,-1.2408,1.61618,3.25881,0
0.44804,-1.19035,-2.77151,0.73464,-0.96354,0.92665,-0.28213,2.68494,-2.37169,1.29059,-0.82806,-0.28911,0
-1.99275,-2.23335,-3.84531,1.21843,3.01375,0.29394,0.12981,1.34979,-1.03674,3.85875,0.71913,1.11646,0
2.03674,-3.44143,1.32712,5.39355,0.47492,-2.44319,2.43092,0.44064,1.06317,-1.51249,-0.54791,-0.00478,0
2.79119,-1.62177,-1.42233,2.29426,-1.83862,-1.9623,-0.4147,0.36186,-0.90539,-0.5372,0.31441,-0.16264,0
1.72574,0.449,-1.47851,2.51002,-5.80223,-4.74923,0.20393,0.53938,-1.15914,1.68661,0.48985,-0.91363,0
-1.43855,0.33399,-2.89029,-0.54999,1.32164,-1.28595,-2.89928,-0.69632,2.70664,-0.05133,1.4162,-3.45153,1
-0.31637,-2.4546,-0.83118,2.60967,2.03389,-2.06644,0.75808,0.64631,0.78138,2.14196,-0.89474,0.62836,1
-1.10035,-2.17272,-0.58244,-0.21678,3.69789,3.48487,0.96029,2.2753,-0.58924,0.89151,-1.56866,0.567,1
-2.30208,-2.38917,-0.61366,4.86113,1.8413,-1.70907,3.62342,0.34543,-0.49535,2.86596,1.21039,2.16356,0
1.2493,-0.37122,2.18562,4.10723,-2.75896,-2.89718,2.02857,2.44996,-1.66064,0.06227,-3.28388,1.84438,0
2.93619,-1.5104,-3.9902,-0.35625,1.36845,0.72163,-4.03042,1.71439,-2.2992,-0.70332,-0.62845,1.20363,0
3.31467,-1.34829,2.8561,-2.90059,0.84423,-1.78661,-0.20684,0.70932,3.64055,1.6374,-3.08066,-0.62367,1
-0.59488,-3.05671,-4.45213,1.67685,2.76736,2.02701,-1.03712,-0.68294,-3.35281,1.10248,0.63309,1.64921,0
0.77696,-2.08068,-2.54311,2.03853,0.30143,-0.74186,-0.8524,1.91637,-0.49162,0.48197,-0.99491,-1.07257,1
2.06627,1.90103,3.52927,-3.07579,0.64334,1.04639,-0.01607,0.64198,0.96935,-1.53986,-0.06322,2.36713,0
-2.81134,0.18226,-1.46677,2.06572,0.35959,-0.40337,1.80174,0.9336,-1.33652,2.52756,1.59266,1.54082,0
-1.05612,-2.37708,-4.3985,2.69329,0.43065,1.71939,-0.16853,0.54563,-3.46806,0.64095,0.61687,-0.09831,0
0.96452,-0.01846,0.74151,4.63748,-0.69195,-4.29744,1.09115,2.92703,0.14257,0.15441,-0.32265,2.29713,0
-1.27095,0.19283,-3.51569,3.86337,-0.01906,-4.37297,-1.24197,1.27277,0.16382,1.63437,1.95584,0.37856,0
0.38003,-0.74995,-5.94767,-1.35165,4.81385,2.8969,-5.7564,1.56964,-1.59654,-1.59368,1.21221,0.71126,0
-0.77794,-2.46564,-6.78242,4.43994,1.42727,-0.8751,-3.07082,1.19355,-2.42086,-0.1575,0.83623,-0.89091,0
-0.22331,1.92582,4.97144,-3.2182,-0.14395,3.90613,2.69981,1.30316,-1.31888,-0.36558,-2.31065,2.81802,1
1.48719,-3.19998,-3.46675,4.8271,-2.09546,-0.68013,1.74307,0.43549,-3.46588,0.55552,2.09813,0.54315,0
-3.41551,3.68741,2.683,-2.15179,1.34869,-3.22551,-1.82708,1.28973,4.81758,1.42322,-3.36553,-1.73497,0
-3.06105,1.61191,-3.62568,-2.62823,-0.06712,1.13817,-1.05431,0.79045,0.00301,3.10465,2.4319,-1.75696,0
0.76981,-4.42748,-3.91975,2.89934,3.72536,1.07574,-0.77502,0.88937,-2.91558,1.28286,-0.83837,2.44461,0
0.56423,0.6202,-0.32153,-1.73861,1.67815,1.63897,-1.65183,0.81559,0.68067,-1.64914,0.56027,-0.14419,0
-0.01488,-2.28351,-2.32168,2.21168,1.98467,-0.12615,-0.20064,0.78859,-0.94162,0.85004,0.07637,0.85384,0
-0.27222,1.0934,1.797,-3.28251,1.31678,3.48266,1.17364,2.85256,-0.26843,0.73785,-0.8191,1.51237,1
6.05498,-2.28347,0.51252,1.21556,4.22335,-1.19593,-1.55081,3.58278,0.21802,-1.7578,0.02476,5.58262,0
-1.87153,-2.32125,-5.00557,1.41034,1.2495,2.84446,-0.76557,0.67017,-2.79709,0.81867,0.50513,-1.40463,0
-1.24704,2.19794,3.74199,0.36167,-1.59032,-0.80787,1.56318,0.49034,0.30731,-0.59456,-2.25314,0.59979,0
-0.65044,-1.07403,2.34645,1.83923,6.33042,0.80884,0.76815,1.07476,3.5315,-2.94802,0.73974,1.28808,0
-1.44787,2.50123,-0.68103,1.79254,-2.01973,-0.86406,-0.57174,2.84333,-0.81895,-1.28011,0.03709,-0.61197,0
-2.43243,0.38125,-0.01205,0.94099,-0.0628,0.46263,1.84928,0.21683,-1.54539,1.92146,0.08219,1.4556,0
-0.90586,-2.32215,-1.52137,3.99738,3.02212,-2.60696,1.15309,1.25439,0.08821,2.67297,0.50371,2.6642,0
-2.95521,1.08564,0.65885,2.84444,0.36411,-0.78462,1.46224,0.35751,-0.88652,0.14652,-2e-05,1.59916,0
2.99651,-0.60693,1.88373,-2.77072,-3.51705,-0.44701,2.76698,1.89096,0.8126,3.31094,-0.54921,-0.76732,1
-2.25446,-1.81927,-5.60315,3.55493,7.72278,0.10155,-3.62736,2.11235,1.67383,-1.73325,3.09275,0.10815,0
6.30801,1.22969,4.36395,-2.58994,-2.41108,-2.41913,0.26835,1.80744,1.62254,-0.79277,-0.38919,2.64587,0
3.71553,3.38751,7.18047,-3.88409,-2.53723,-1.14678,1.87864,0.99698,2.48099,-1.16247,-0.63199,2.37737,0
-1.49941,-1.86914,0.43045,5.26318,0.5281,-2.52521,3.34224,-1.2785,0.21992,0.80142,1.6404,1.11727,0
-0.53583,-3.8961,-0.78166,6.15787,1.59605,-0.32134,3.1142,-1.57298,-3.06455,0.30904,0.55799,3.2191,0
-0.25043,0.51942,-1.67006,3.20423,-2.3147,-2.19545,1.32434,3.39607,-0.58602,0.91508,1.92736,-0.14815,0
-0.9087,1.17439,-1.89071,-1.10142,0.05978,-0.03788,-1.81754,-0.85481,0.65939,-0.3045,1.97498,-1.3791,0
0.64896,-0.94344,-9.3832,2.78249,-0.33661,0.0401,-5.85535,3.9082,-3.47417,-1.34626,1.51482,-2.19387,1
2.57018,-2.90155,-1.89718,2.16299,4.95762,-1.21715,-1.24025,0.16166,1.80038,-1.19609,3.15053,2.09961,0
-1.86067,-2.15041,-1.90565,5.1282,2.99036,-3.06955,0.67503,-0.80893,2.36503,0.03159,2.60952,-0.73679,0
1.50809,-0.31784,4.54365,2.32104,1.93634,-1.01388,2.30395,2.86731,1.70753,-1.89198,-1.82844,2.65781,0
-0.51329,3.13987,-2.28978,-5.70692,-0.57383,0.80718,-3.51911,-3.05986,2.40466,-0.35672,4.78666,-3.03897,0
-0.46284,-1.13202,0.15494,4.91718,-1.06226,-1.62693,2.56996,-1.44178,-1.81292,-0.56202,1.63526,1.8008,0
2.14918,-4.40494,2.50652,5.26892,6.10707,-2.02059,2.26301,0.45104,4.34884,-2.7664,1.0092,1.42893,0
2.46951,-0.2537,-1.10139,3.55077,-6.37937,-3.26672,2.99705,4.77016,-1.60708,1.98629,1.15628,-0.73989,0
-1.71957,1.3062,2.97822,1.41041,-0.15411,0.22873,2.68937,0.28758,0.7679,-1.23114,0.4893,0.48134,1
1.83066,-0.66606,-1.10651,4.76142,-5.41265,-6.39001,1.18628,1.10594,-1.07536,2.44725,-0.34091,-0.02495,0
-2.68572,-0.1833,-1.39033,7.00805,1.14573,-2.46641,1.59903,-0.00098,0.00178,-1.97025,3.78624,0.83623,1
-1.6806,1.4478,-0.45717,1.73989,-2.15138,0.34228,0.78527,2.40346,-2.11218,-0.17901,-0.68736,-0.02621,0
-0.20218,-1.02478,0.04069,3.16757,-0.76234,-0.63312,1.97496,-1.55776,-1.75592,-0.28205,1.35546,1.56953,0
2.53333,-3.28744,-3.38733,5.63832,-6.28034,-0.67875,4.27975,3.11562,-4.80147,1.64259,2.14505,-0.62768,0
0.19442,-0.75941,-1.44804,1.68832,1.94235,-0.04006,-0.97958,1.76264,1.18191,-1.75089,1.00044,-0.97683,0
-2.16874,3.56836,2.63758,-4.21348,-1.54119,-0.03277,-0.78036,-1.21054,1.40366,1.07886,-2.28086,-1.22531,1
1.25511,2.26484,-1.16496,-4.30805,3.73033,1.50684,-3.43021,1.57928,2.00567,-1.24857,3.55666,1.6893,0
-0.87421,1.76123,-2.68381,2.27776,-7.25908,-0.3016,2.83472,5.76046,-3.85293,2.49828,1.24862,-1.52671,0
-1.30629,-3.94872,-3.71862,7.59082,5.07799,-1.14979,-1.49332,0.94302,-1.39681,-2.08386,-1.02463,1.29838,1
-1.4608,1.33941,0.24603,1.86059,1.73141,-0.85902,-0.75505,3.64246,-0.43469,-0.24853,-1.98458,2.14117,0
1.93343,-5.07961,-4.15728,7.20035,6.42368,-2.28233,-1.9154,3.60389,1.56323,-2.49012,1.01586,0.68847,0
2.04385,-3.78198,-1.73064,3.73818,2.16031,-1.24459,-0.44823,-1.34183,-0.63915,-0.99793,0.31468,1.13807,0
-0.30869,1.9033,0.63227,-0.36663,-0.37129,-0.06682,1.65607,1.6901,1.59354,-0.22805,4.12582,0.25649,1
0.23068,-0.92869,4.50018,-1.38632,5.68043,-0.97059,1.80458,0.03471,4.75555,1.39418,-0.69176,2.73716,1
3.1218,-0.95906,-3.50348,-1.10999,5.5212,0.2966,-4.05751,2.26341,2.10641,-1.82532,4.08508,1.66056,0
3.25887,-0.3727,-1.43951,-0.44917,-0.52512,-2.34941,-1.23067,-0.79097,1.33678,-0.01863,3.66856,0.35311,0
-0.85942,0.77744,-0.71419,3.24151,-3.22262,-3.35189,2.81881,3.39687,0.59787,2.33806,2.20833,-0.79222,0
-1.02777,0.68455,-0.19023,4.3235,-2.72621,-1.70191,2.22466,1.52093,-1.84365,-0.28273,1.15679,0.78039,0
-5.40539,0.33385,-8.17498,2.54617,1.20342,-0.01192,-4.17947,-0.38039,-2.11616,0.89587,1.81239,-2.93951,0
1.82695,-3.7379,3.15087,4.2682,3.945,1.74925,1.7206,2.85444,-0.33213,-3.68822,-4.80838,1.85581,0
-1.52454,-1.12529,-3.45171,1.39854,0.389,0.12352,1.07855,2.13672,-0.88077,2.96777,2.17808,-0.19505,0
1.09929,-2.85131,-1.94662,-0.61487,3.58961,-0.1621,-2.75844,1.3342,0.5629,1.5784,-3.80326,-0.10941,1
0.30882,0.88614,0.11903,0.27124,1.98579,-0.05727,-1.7416,2.92713,-0.36249,-0.94127,-1.71988,2.13173,0
2.27079,0.17346,4.18728,-0.66792,1.85047,0.14245,0.78523,1.03345,2.40367,-2.46267,-0.93963,1.41519,0
2.22013,-3.45269,-2.26852,3.23723,1.70767,-2.15826,-0.08631,-0.2581,-0.74008,1.08959,0.99924,2.09412,0
3.08837,-0.08935,4.68658,0.12972,3.36934,0.72865,1.08874,4.05005,0.81691,-2.22068,-2.36482,4.78,0
2.95017,-0.96082,-3.03942,-1.57973,1.5691,0.68692,-3.72714,0.16145,0.28698,-1.70001,1.54884,-0.57238,0
0.09056,2.38402,-1.59539,-5.8349,-1.77946,1.6017,-2.66028,1.06462,0.3278,1.71719,-0.23291,-2.33656,1
-5.16485,1.93753,0.18956,2.24187,2.49852,-1.47759,2.10237,3.89137,1.50328,2.98314,0.57124,1.42918,1
-2.79373,-0.62918,0.09565,3.59991,9.18736,-1.04878,-2.05436,-1.24073,1.82937,-2.26139,0.68743,4.70774,1
0.65803,-2.00166,-2.03555,3.94496,-1.73094,-2.39247,2.2207,1.33047,-1.23509,2.18133,1.79853,0.57522,0
-1.06159,1.7883,-4.12761,-1.5595,-1.06606,-0.49412,-3.51733,-0.97817,-0.90105,0.64205,2.12683,-1.24952,0
0.5457,-1.38701,-2.93173,0.88618,1.03533,0.00874,-2.08212,-0.55057,-0.51945,-0.71089,0.65504,-0.80321,0
-1.19151,-0.40637,-0.03237,2.92744,1.18484,-1.81673,0.92958,-0.23631,0.41005,0.23787,0.94833,1.18194,0
0.4107,-1.79771,0.92498,0.90418,5.35776,-1.34833,-0.80813,0.97195,3.15662,-0.03468,-1.28215,1.30538,1
1.83834,-2.94221,-2.14639,5.18603,0.94678,-3.07066,0.51037,1.3618,-0.63399,0.34337,1.20794,1.80926,0
-1.5924,-0.72212,-0.30561,2.18591,2.65479,-1.19423,0.11137,1.8993,0.4896,1.19329,-1.51138,1.25246,0
0.71599,1.21623,-0.50217,-4.38306,-0.86546,0.78826,-1.51189,1.01771,0.16415,2.1514,-0.92732,-0.50739,1
0.69147,2.19031,-2.57199,-0.07716,-5.23807,-4.49215,-1.56029,-1.05151,-1.61908,2.90848,1.79893,0.30488,0
-1.67257,-2.04356,-4.95453,3.22724,6.92653,0.87203,-3.31484,2.52358,0.27813,-1.57052,1.33322,0.78038,0
-2.24874,0.01468,-0.57794,0.99275,1.63985,0.47342,0.06138,0.99148,-0.1881,0.5363,-0.85667,0.16699,0
3.4862,-3.12271,4.5115,2.80613,4.72631,0.57045,2.27849,1.94492,1.19223,-3.04256,-2.03994,4.15094,0
-2.65721,2.58381,0.04664,-2.66827,2.88807,-1.49854,-2.7415,2.13645,4.48442,1.15015,-1.13672,-1.99017,1
-1.48302,-0.35664,-3.37456,0.75899,-0.32527,0.95934,0.11766,2.83099,-1.29922,1.77157,0.97322,-1.09208,0
3.13879,-1.0783,-0.46255,-0.98589,4.55153,1.26924,-2.64128,2.14699,1.19067,-2.58399,0.44504,1.97377,0
2.31742,0.68779,2.12508,-1.14393,1.41947,-1.34148,-0.09164,0.58559,3.09193,-1.15853,1.85074,1.0593,0
0.72156,0.41477,1.46369,-2.97326,1.85272,1.95207,0.87287,2.55554,2.27632,0.34809,0.81709,-0.07159,1
1.80838,-4.48221,-0.26957,1.83034,4.77752,-1.15775,0.99501,2.50472,1.12507,2.96253,-2.14078,2.58572,1
-1.88908,-1.70544,-2.23179,5.88525,-0.48518,-1.77856,3.55549,2.78937,-1.68992,2.42048,2.14878,1.24607,0
-0.65416,1.77477,1.23464,-4.32893,-0.38491,4.39723,-0.58056,0.79103,-1.67979,-0.46498,-2.33057,-0.02086,1
-1.65572,-0.78161,0.08195,4.38268,0.67107,-1.86989,1.66415,-3.12264,-0.17272,-0.97261,2.46229,1.14105,0
-1.50915,-0.42867,1.15642,0.95491,3.00804,0.88777,0.61132,0.46767,1.72519,-1.29639,-0.3504,-0.29987,1
-1.73316,1.94611,-2.17528,-0.13386,0.05826,-0.15956,-1.71672,3.15121,-0.48845,0.67245,0.03397,-0.19933,0
-2.46946,0.33024,-1.80683,1.77762,3.44077,-0.59694,-1.34321,2.24468,0.11531,0.63524,-0.30907,1.44692,0
3.17913,0.01807,1.99668,1.59408,0.39075,-3.58599,0.27794,2.45801,0.57745,0.42559,-0.65091,4.05387,0
-2.39716,-2.16521,-2.71888,4.86672,10.51514,-0.69246,-3.68879,0.49573,1.60612,-2.84007,0.46662,3.49971,1
-2.73148,-1.13078,1.03829,6.977,2.4563,-2.06599,2.33299,3.07433,-0.02168,-0.74861,-2.02691,1.72338,0
-0.44192,-2.68468,-1.97719,5.58416,2.24208,-1.08751,0.57513,-1.10145,-2.044,-0.87818,1.21116,2.51867,0
-0.0386,3.27163,-0.49905,-6.2761,-0.25109,0.64938,-3.30995,2.16355,1.03318,2.20537,-1.38499,-0.47641,1
-3.09353,-2.42886,-2.40774,7.75173,3.37852,-3.43083,-1.06461,-1.29296,0.59441,-1.81591,-0.78563,-0.73487,1
2.50107,-3.80562,-3.63534,4.50941,4.33237,-1.5714,-1.82686,2.37768,0.85156,-1.71724,1.68886,0.79924,0
-1.63647,0.96763,1.2878,2.82756,-0.92935,-3.63804,3.06828,0.54948,1.32589,2.26283,2.22339,1.43685,0
0.70114,-1.88914,-2.70826,2.2959,0.3541,0.64747,-0.69012,-0.29035,-2.78954,-0.59383,0.48684,1.0533,0
-1.06968,-0.45187,-1.86831,0.83164,1.87021,-0.61333,-1.2718,1.94257,1.94789,0.01467,0.07929,-2.09186,1
1.40784,-1.78287,-0.5929,0.07984,1.97441,-0.84111,-1.41063,1.14177,0.89641,0.59995,-2.16226,0.05598,1
0.27262,-1.77313,-2.05841,3.7876,0.88096,-2.23039,0.726,0.60475,-0.23696,0.81389,2.16151,1.19697,0
-2.26321,-3.73318,-3.12853,3.16002,6.90747,-0.65548,-0.61619,-4.45066,0.25797,1.35182,2.71082,2.77064,0
2.2358,-0.65155,-1.93663,-0.77135,2.6124,-1.17992,-2.07888,-0.81504,2.84385,-1.05569,4.49554,-0.1255,0
0.09175,5.08192,1.2023,-8.40429,-4.44065,0.18602,-2.899,-0.39685,0.8126,2.38958,-1.87155,-2.10416,1
3.10118,1.77244,3.25894,-2.76456,-2.05094,0.67752,0.13432,1.56252,-0.89452,-0.88201,-1.7424,2.26795,0
-6.25184,0.20425,2.07901,5.23355,8.81717,-2.94105,1.3982,-2.83996,2.50735,0.5456,1.4551,5.83663,0
-2.10522,0.40081,-0.47263,6.18682,1.87719,-2.72959,0.68109,1.33093,-1.15686,-1.10799,1.12399,3.57638,0
1.53123,-2.42109,0.51292,2.7739,4.678,-1.20848,0.03416,-0.32609,1.6571,-1.54246,1.17733,2.63092,0
-4.13632,0.66094,-4.55437,6.92707,4.01286,-0.71926,-0.88975,1.40493,-0.84345,-3.07152,5.79823,1.66363,1
-3.02728,-0.21153,0.67099,0.34699,3.53064,0.37207,-0.13384,0.99373,2.31774,0.33132,-2.18822,-1.20385,1
-1.05003,-0.05063,-0.60718,4.22897,-1.55758,-0.82033,2.01148,1.40783,-2.36547,-0.20357,0.81894,1.35841,0
-3.26009,-2.87104,-1.97113,5.41046,7.22198,-2.36309,1.08539,-0.61864,1.33731,2.04483,2.44576,3.69489,0
-1.02201,-2.71416,-1.79092,5.68268,1.29206,-1.60437,2.05239,0.5969,-1.22132,0.81513,1.06978,1.4003,0
-1.94648,1.11691,1.79959,2.30884,0.2781,-2.1969,1.62871,-1.47418,2.08349,-0.80578,1.92519,-0.01799,1
-1.10231,1.13004,-3.667,-2.49867,2.69834,2.34782,-4.13943,0.5224,-0.43887,-0.89909,1.24422,-0.45901,0
-0.87792,-3.35375,-0.05504,5.81325,4.06693,0.82539,0.66543,2.3114,-0.73622,-2.73592,-3.21117,0.65173,0
0.70119,-2.52706,-0.41006,5.4054,4.82111,-3.93245,-0.82039,1.02876,2.43903,-1.29277,-0.03187,1.90501,1
0.4315,0.19325,1.97888,-1.14958,7.35799,1.48041,-0.96969,1.9902,3.71129,-2.50925,1.49389,2.79553,0
-3.74662,0.65087,-2.73,1.74793,2.39986,1.79212,-1.67907,-1.20869,-1.45347,-1.81412,1.3078,-0.18062,0
0.29308,-0.25195,-2.31056,1.69468,-3.325,1.80335,0.3734,0.90733,-4.3223,-0.88726,0.29246,-0.25568,0
-0.61762,-0.78527,-6.51191,3.80306,2.48585,0.41497,-3.52586,3.63541,-1.63191,-2.25801,2.69301,-0.48106,1
-3.08302,1.19643,-1.15135,1.02022,1.8026,0.88904,-0.32915,1.14476,-1.13159,0.23675,0.28294,1.32654,0
-3.41146,0.88588,0.45829,-1.86435,2.8522,1.90032,-0.49702,1.04709,1.04065,1.13597,-2.36156,-0.65353,1
0.02321,-2.52816,-4.56261,5.76306,1.64068,-3.92434,-1.23842,1.73598,0.41523,0.51917,1.82009,-0.31385,0
-0.78745,1.84735,-1.56105,-1.53667,-1.03189,-0.1626,-2.01579,-0.55396,-0.84536,0.42162,0.58058,-0.14643,0
-4.12083,1.66129,-0.02741,1.72265,3.059,0.45903,-0.24535,1.28609,-0.31368,-0.30799,-0.49119,1.78838,0
-1.76127,-1.79755,-0.74305,2.70787,4.84477,-1.32089,0.21837,0.22792,1.00053,1.39526,0.02997,2.3385,0
-0.88358,0.55032,-1.8476,0.54562,0.17581,-0.73436,-0.20255,3.91414,-0.87918,2.50837,-0.40475,1.1342,0
1.13729,-0.54478,-5.14974,3.15847,0.19398,-0.47566,-2.1879,3.50808,-1.69149,-1.51922,3.18378,0.04738,1
-0.74712,1.4012,-2.59433,1.24904,-2.80241,1.22871,-1.5305,4.04676,-2.69876,-1.52069,-1.46001,-1.99885,0
1.93743,-2.211,-4.07337,-3.01714,3.37334,3.89621,-0.96212,2.46793,-0.53328,1.54758,3.42147,0.7081,1
-3.13593,-0.09804,-0.7081,0.983,2.90854,-0.9703,-0.91428,-0.11723,3.13568,0.04771,-0.39338,-2.59609,1
1.0861,-2.57462,-5.94798,-0.42576,-1.07749,3.02324,-1.72056,0.09205,-4.03151,0.95534,1.20533,-1.43227,0
2.05883,-2.24261,-3.6202,1.44169,3.34377,0.36762,-3.07845,1.38452,-0.94812,-1.40367,0.60322,1.29395,0
0.2127,1.24982,1.76022,-1.26552,0.92551,0.52847,-0.54043,0.22144,0.9685,-1.42393,-0.41873,0.59042,0
0.03318,-2.30212,-2.31086,2.81015,0.71881,-0.24091,0.71932,0.17105,-2.24467,1.32617,0.55826,1.65117,0
5.83439,-4.51576,3.99676,1.7788,6.13782,0.96119,1.44914,1.52081,3.15985,-4.29091,-0.27365,3.00526,0
-1.21519,0.22217,-0.66964,-1.99871,1.61644,2.0526,-0.74945,0.5307,1.27709,-0.15495,0.18851,-1.88607,1
-0.33877,-3.64979,-5.55543,5.57964,5.85059,-2.5868,-2.72804,0.80956,1.56376,-0.84682,2.81494,0.00339,0
1.28624,-0.85758,1.64097,1.56642,1.06634,-0.98623,0.73355,0.31718,0.97715,-1.19118,-0.32909,1.04449,0
0.60155,-3.4752,-7.5308,0.64462,5.18771,1.52356,-4.737,4.43416,-2.31418,2.02027,-1.31487,0.99336,1
0.95439,-1.49066,2.74899,5.42808,-0.32248,-3.20153,2.66239,1.74671,0.14369,-0.80146,-2.2619,1.82529,0
0.20499,0.02602,0.38162,3.78563,1.32394,-2.72224,-0.67691,1.14926,0.37163,-1.73358,-0.52737,1.76325,0
0.81415,-1.79134,-3.51714,3.3256,-0.45136,0.13302,-0.42107,2.41551,-2.5291,-0.46652,0.62574,0.0676,0
1.61244,-1.04038,1.13931,5.48518,-0.96368,-5.50356,1.64302,2.19065,0.29182,0.83312,-0.92387,2.52797,0
-1.22989,-0.36624,-0.52963,-2.17784,2.13009,3.65993,0.83571,1.11549,-0.92323,1.33495,0.31304,0.88328,1
1.58153,-2.08862,-1.9525,3.79997,-1.69876,-1.24215,0.46271,-0.05808,-2.47153,-0.4546,0.46298,0.56072,0
0.94906,-3.23399,-1.53697,5.70075,2.28725,-2.95266,0.37363,0.49497,1.11263,-1.06241,1.08032,0.2335,0
-1.06218,-0.25705,-3.52841,3.26158,5.46712,-1.08395,-2.65516,2.711,1.49363,-1.84853,3.18942,1.40035,1
-2.54433,-0.36404,-1.96739,0.74412,1.38974,0.59147,0.55147,-0.05183,-0.632,1.85844,1.29922,0.29393,0
-2.28223,-1.48773,-3.165,6.60352,0.60625,-3.85707,-0.1881,0.76,-1.09224,0.93686,-0.13323,0.43997,0
-1.85827,1.03848,-1.47975,0.5111,-2.7442,1.45866,1.06765,2.3002,-2.16083,0.77339,-0.00544,-1.44367,0
0.89146,-3.61368,-3.85535,7.65159,1.91069,-4.34613,-0.5162,2.36783,-0.64208,0.18863,0.47922,1.29082,0
0.20182,0.62521,-0.49206,-2.3788,0.66023,0.79935,-0.61117,3.32922,0.19558,2.02383,-1.11527,0.44544,1
-0.15836,1.27206,0.56119,-2.3346,-1.18565,-1.75141,-0.98892,-0.73638,2.34685,1.32963,-0.53403,-2.06587,1
2.54569,-0.73512,-3.78626,0.75139,-6.50121,1.10106,0.441,2.17309,-4.37573,0.35112,1.17192,-2.25352,0
0.5101,0.40521,-2.24852,-3.31882,1.52796,0.97059,-2.55187,2.56056,1.92853,0.87217,0.48359,-2.00316,1
-2.59359,-0.59363,1.08832,4.21663,2.98849,-3.0946,2.00833,-1.74258,1.51878,0.863,1.58444,2.52071,1
-1.44427,0.71779,0.12093,2.77718,0.54154,-1.5024,-0.21925,1.48401,0.2178,-0.99029,-0.837,0.2696,0
-2.41398,0.70116,-2.42778,0.7851,0.00695,0.00326,-0.05413,1.88269,-1.07669,1.95596,0.71315,0.00858,0
-1.96239,0.76846,1.36495,4.09906,1.23482,-1.86692,1.128,0.36638,0.16951,-1.42787,0.20842,1.92941,0
4.20988,-1.52743,1.1619,2.03916,-0.94308,-4.00406,0.97441,-0.45763,0.69135,0.44496,1.34516,2.61759,0
-2.65473,-2.51616,0.14857,4.14354,3.90921,-0.28836,1.36565,-2.79786,2.14584,-1.74814,0.9988,-1.2966,0
0.84407,-3.12067,-2.6556,4.23161,-0.52216,-0.87283,1.7278,1.10344,-1.97625,1.14091,1.22713,0.49896,0
-3.39288,-1.25036,-1.8692,5.76789,5.31498,-2.61407,-0.60081,-0.45681,1.61044,-0.91058,1.58344,1.22729,1
4.60767,0.31243,2.49196,-5.32762,4.96782,2.21744,-2.00055,-0.66566,2.90242,-2.59019,2.72941,3.49457,0
4.6806,-0.42832,1.48981,-2.27619,5.10587,1.13052,-1.81751,3.32529,1.3202,-1.88775,0.63861,4.91904,0
-3.29773,-1.15913,-0.17362,5.75772,6.2341,-2.70144,-1.94274,-2.11123,2.3606,-3.18483,-0.84474,0.7543,1
-6.35211,0.09487,-2.52646,3.91509,6.50992,-0.28261,-0.31815,0.63761,0.57107,1.01227,1.49437,2.03496,1
0.70947,-1.03173,-2.80088,0.09806,4.8298,0.28253,-2.60007,0.17147,0.56136,-0.62378,2.70791,2.21725,0
-0.86009,-1.91221,0.81504,8.19254,1.27155,-3.6392,2.68572,0.04005,-0.33098,-1.51017,0.7154,2.54115,0
0.40594,0.79693,-0.74787,0.88414,4.02037,-0.86328,-2.13778,3.98166,1.94358,-1.52861,0.88245,1.71819,0
1.3283,0.07058,1.83194,5.79052,-0.71016,-3.62047,0.50302,0.28291,-0.48676,-3.4797,-0.31545,2.31597,0
-1.17464,0.79903,-1.96836,2.21028,-0.53561,-3.12585,-0.9088,0.39508,1.49287,0.22768,2.04874,-1.45916,0
0.88791,-2.63113,-3.70435,2.39748,-1.14248,-0.03226,1.02598,2.64609,-2.27795,2.30719,0.80171,-0.26822,0
-1.86326,-3.67954,-5.06962,0.29241,4.1762,0.98409,-0.02122,-0.80951,-0.28308,4.47635,2.36318,0.15281,0
-2.58323,0.81579,-1.40194,3.79362,-0.99666,-1.64174,1.95966,1.99083,-0.76519,1.10322,2.28529,0.46965,0
-0.44121,3.30637,2.15042,-7.40584,-2.54401,3.84503,-0.33107,-1.02443,-1.98582,1.90028,-1.96924,0.73455,1
-2.41855,1.98395,-1.34109,-2.23999,-1.81226,1.25634,-0.06203,0.91777,-0.54881,1.9252,0.44485,-1.80079,0
1.34098,-3.51039,0.06872,7.57616,0.73124,-3.80062,2.40222,-2.12734,-1.06198,-1.03069,1.49613,3.00047,0
-0.89704,2.22112,1.76178,0.61986,-2.24749,-1.93658,1.15166,-1.70992,1.037,-0.71373,2.02363,-0.27016,1
0.07166,0.17593,1.01726,-1.0439,0.20259,2.23383,0.9906,1.97933,0.13545,-0.65882,-0.51239,-0.52959,1
1.00869,-3.74673,-3.50802,3.46908,0.93576,-1.00992,0.99302,-0.13708,-1.58286,1.96603,2.09269,1.10016,0
4.30265,-2.6183,3.33911,3.5986,2.3782,-0.8631,1.35085,4.59009,0.00363,-2.38568,-3.68007,3.74487,0
-1.73531,-0.00039,-4.85474,-1.68176,4.03762,-1.41507,-3.70588,2.04619,3.86584,2.46931,2.36833,-2.64045,1
-2.68632,-1.67898,-1.74241,4.46221,8.80921,-1.24201,-3.15111,-0.78968,1.50539,-2.37746,-0.28526,2.90336,1
-1.90549,-0.75522,-1.66693,3.77382,1.033,-0.80819,0.61997,0.45519,-0.77485,-0.12941,1.03707,0.44371,0
0.48887,-1.6676,-1.66165,-0.26103,5.25905,1.89523,-2.19579,-0.49964,1.53688,-2.3268,1.71509,0.14389,0
4.53892,-1.38599,5.11897,-0.73173,2.81223,0.6493,1.39849,0.25705,1.73181,-2.73642,-0.92022,3.60373,0
3.00844,-1.66903,-0.40846,-0.52753,3.58961,-0.09384,-1.35395,-0.91682,1.89179,-1.5831,2.67234,1.52406,0
0.50303,-1.26935,0.42228,6.13549,-2.16507,-2.42425,3.7752,2.58468,-1.72392,0.11183,0.84139,1.80339,0
-3.46414,0.21768,-0.06521,5.25098,1.35465,-1.08892,1.79744,0.4313,-1.48874,-0.42964,0.48173,2.3269,0
1.03263,0.28044,0.70487,2.30274,-1.77977,-3.85151,0.38675,0.18838,0.11915,0.72344,-0.29647,1.25405,0
-0.58345,-0.52138,-2.91807,-0.18881,1.9791,0.50671,-2.25941,0.25903,-0.8985,0.60032,0.17987,0.49083,0
0.85082,0.00457,-1.04217,-2.19926,0.70057,1.79609,-1.12784,1.91196,0.35592,-0.07687,0.07048,-0.92277,0
-2.09983,3.15769,0.31916,-5.68646,1.10912,0.82296,-3.05726,1.75201,1.65819,2.31663,-3.22946,-1.0049,1
-2.25306,1.13307,1.20919,0.21434,-1.36543,-1.26261,-0.32227,-1.39447,1.39664,-0.29239,-2.36845,-2.90382,1
0.84824,-1.56428,-0.28073,2.70339,2.48189,-1.22483,0.18229,0.78644,1.46473,-1.24929,1.28839,0.64687,0
-1.26666,-1.05227,-0.79035,2.23042,5.6128,0.07279,-1.12219,1.20225,2.51418,-2.05493,1.04314,0.28539,0
-1.80507,-2.77619,0.33747,6.72663,6.56148,-4.10505,1.1707,-0.80089,1.86727,0.4322,0.72608,4.36223,0
3.92538,-2.16565,-1.51208,2.38082,0.92526,-1.44074,-1.68677,2.72904,-0.55802,-1.50772,-0.67439,1.32619,0
-1.67284,-0.04952,-5.76608,1.69942,0.42661,-1.34414,-2.78214,0.41423,-1.29907,1.35391,2.45008,-0.65939,0
-2.08385,0.06616,1.11185,1.30123,4.46315,-0.51273,0.75354,-0.10399,2.00938,0.02143,1.26428,2.20724,1
-0.21771,-1.53286,-0.74161,2.71117,9.40692,-0.53922,-2.40547,2.06132,2.75422,-2.35037,1.1601,3.95114,1
0.35972,0.0058,-4.18937,2.84364,-1.17438,-2.91797,-2.70363,2.48213,-1.92728,0.84476,-0.25393,0.37394,0
0.10192,1.28835,0.36904,0.53895,-1.52782,-1.81744,0.28353,1.2412,0.52054,0.38995,0.54594,0.06884,0
-0.13533,-0.09234,-0.98449,-2.43166,4.32035,1.87006,-0.40785,2.72334,0.94146,1.8465,1.60603,2.37601,1
-1.40117,2.432,1.16375,-2.07348,0.5312,-0.7024,-0.3569,-0.92541,2.05914,0.41549,1.5794,0.1227,1
0.70725,-1.78143,-4.08924,2.16406,2.93256,-0.86351,-2.42545,0.42235,-0.68552,-0.19326,2.04607,1.34919,0
-0.74897,-1.47183,-0.46005,2.01515,1.61413,0.47555,0.66108,-1.09429,-0.004,-0.90489,0.75026,-0.06844,1
-1.20102,-2.25221,-2.16652,3.69606,2.64337,-0.9602,1.26838,1.24786,-1.51195,2.40834,0.75951,2.95754,0
-4.49545,0.06308,-0.80559,2.6906,6.51141,-0.05604,-1.29771,-0.8901,0.49618,-0.51979,-0.0697,2.77273,0
-0.73475,-0.84432,0.56804,3.55554,-0.365,-2.46754,1.13135,-1.08464,0.53967,-0.36222,-0.23863,-0.29206,0
0.00654,-1.43556,-0.23378,2.11259,3.95018,-0.85175,-0.14722,-0.10415,3.05037,-1.79879,2.26342,-0.29612,0
-0.35965,-3.20239,-0.37743,9.09735,1.819,-4.23693,3.3373,-0.90169,-0.33843,-0.61201,2.91623,3.1654,0
-3.1222,-0.76117,-2.23325,-0.31518,5.94659,-0.00611,-1.72667,1.94794,3.12666,1.96787,-0.16296,-0.79321,1
1.25228,-1.10059,0.65649,5.88664,-0.88365,-4.04935,2.82852,-1.28103,-1.11406,-0.23136,3.29167,3.97298,0
-0.49839,-2.49602,-1.50733,4.236,2.78647,-2.14531,0.9627,-1.00569,-0.71718,1.36933,1.48774,3.07846,0
-3.55689,2.67215,-1.14729,2.70966,-3.44224,1.20483,2.05413,4.54872,-3.23866,0.11155,0.22789,-0.38701,0
-1.23415,-1.06643,3.04025,0.06974,1.07961,3.29149,3.60196,0.27197,-1.6115,0.49252,-2.28047,1.89276,1
2.25657,-2.35858,2.64613,-0.13021,2.22755,-0.83668,0.52933,1.30461,3.3103,-0.26741,-3.12456,-0.96516,1
-4.61386,-0.70803,-3.97517,2.06385,3.69546,-2.25251,-2.96808,-1.04385,3.73816,0.61063,0.32633,-4.66603,1
1.38246,-0.86073,-2.70963,0.54271,4.94236,-1.30872,-3.00627,0.94878,1.22197,-0.28168,2.6444,2.81394,0
-1.42027,1.33764,-1.37371,0.08251,-1.2529,-0.22795,-0.23684,1.71939,-0.72815,1.06441,0.31418,-0.51214,0
-3.08277,0.36664,-3.71637,-0.60202,1.53387,2.14728,-0.83777,2.95857,-1.42418,2.34328,0.33771,-0.43193,0
-0.76714,-0.88883,-2.99151,2.03769,0.01016,0.07923,-0.20064,1.55413,-1.57134,0.73497,0.82232,-0.17045,0
-1.75761,2.67391,-2.53827,1.61417,-1.277,-4.25886,-1.90589,1.68768,0.30487,1.78288,1.64499,0.45388,0
-3.46077,-1.25804,2.3997,4.8039,4.29654,-2.31751,2.74311,-2.26544,2.26886,-0.01933,0.377,1.96916,1
1.93827,-2.21872,-4.99106,1.61257,1.92478,-0.72457,-3.36548,0.3983,-1.53049,-0.21195,1.45669,0.89225,0
3.72907,-3.5159,3.07153,2.76952,6.25466,-0.26031,1.0574,1.81263,3.27154,-3.4031,-0.06784,2.89705,0
-1.19379,-0.47241,-6.03229,-1.82743,-0.4876,3.71791,-1.90917,4.40578,-3.06399,2.36242,0.01612,-2.1859,0
-1.48754,-2.84208,-1.41295,6.45917,1.08695,-0.56499,2.18368,-3.22977,-2.44652,-1.38642,2.2283,1.67193,0
-1.44074,-0.24207,-3.82056,3.60262,-2.03928,-0.74412,0.27771,1.32846,-1.95691,0.16954,2.35304,-1.37975,1
0.75746,0.94106,6.87085,-2.54254,1.23002,-2.58603,3.59425,-1.68205,5.24018,2.04535,0.11406,1.84278,1
-3.54981,0.79599,-0.10791,3.29785,0.21824,-1.0296,3.10196,1.33343,-0.94125,2.17926,1.80784,2.1043,0
-3.47016,2.08257,0.25944,2.5031,0.92682,-2.31401,0.69349,3.45151,1.80965,0.85375,-0.03346,-0.09333,0
3.07739,-5.75052,-5.38642,1.32631,1.89757,-0.1064,-0.66754,-2.09075,-2.21309,3.00643,2.25787,1.27362,0
-0.80548,1.42312,0.09117,-2.76274,-1.30902,2.01086,-1.24589,1.42289,0.21176,-0.48617,-2.34625,-2.94128,1
4.63687,-1.7935,1.91213,1.31355,4.20801,-2.38478,-0.17897,2.01659,2.83787,-1.45822,1.32869,3.97018,0
-3.49453,-0.84194,-1.35931,3.10944,5.11909,-1.45215,0.66025,1.04138,0.90232,2.31216,1.11029,2.77221,0
-0.38923,-1.63291,1.76257,8.26518,-2.12807,-4.47995,3.14612,3.14064,-0.81136,-0.45646,-3.6663,0.47654,0
0.34857,-0.63533,-4.88546,1.18384,0.9068,-1.29276,-3.33248,0.16989,-1.18488,0.36658,1.81495,0.20868,0
-2.77912,3.13762,3.02386,-3.86858,0.16509,3.00446,-0.27188,-0.12583,0.03902,-0.56646,-3.03572,-0.34648,1
-0.23903,2.74145,-1.82965,-1.34949,-4.63546,0.81774,-0.74118,2.8737,-2.34922,0.3092,0.34965,-1.51987,0
-3.65212,0.03334,-0.05149,2.29923,2.25312,-1.01901,-0.18843,0.72223,2.49046,-0.40698,-1.54827,-2.5524,1
-0.71269,-2.31713,-2.35701,3.72407,-2.73238,-1.48746,4.92597,3.17612,-1.26566,4.86468,2.58193,-0.369,0
-0.99745,1.02454,0.19034,-3.71672,1.81108,2.09555,-0.96198,1.20444,0.27363,1.64038,-1.36871,0.56239,1
-0.71314,3.33705,1.66001,-5.28792,-3.12735,1.55832,-1.30536,-1.46422,-0.13923,0.2498,-1.79263,-1.84454,1
0.08179,-2.67306,1.37149,2.66544,5.90796,0.33522,1.09934,-0.76386,2.70705,-2.24362,1.34491,1.43085,0
1.11844,-4.12147,0.28464,4.59424,6.92483,-0.86988,0.40884,0.11708,3.88489,-3.23138,1.6487,0.4322,0
-0.00737,-1.11205,-1.39303,2.10735,-0.01868,-1.15202,-0.02129,-0.87861,-0.55344,0.12142,0.82316,0.08685,0
2.22051,0.04902,-1.77252,-2.0701,2.01465,-0.18304,-2.53529,-0.12781,1.94944,-0.89285,3.30178,0.02428,0
-0.83636,-2.54475,-2.7277,4.62819,4.19788,-1.01338,-1.45987,0.95861,-0.66533,-0.83354,-0.61532,1.49134,1
0.01509,-2.5093,-8.56993,1.41516,4.10563,-1.3186,-4.91565,-1.64663,1.03011,0.27074,5.98632,-1.72046,0
-1.02671,-0.40587,0.85261,1.87336,2.23168,-1.05686,0.88417,-0.69066,1.81422,-0.6286,1.24657,0.49899,0
-2.34007,-0.21954,-0.46617,4.73057,-0.60524,-1.94978,3.34914,1.63642,-1.31304,1.97803,1.63846,1.98484,0
-0.14882,-3.44723,-2.18239,5.99261,-0.164,-0.50886,2.60902,-0.6686,-2.74475,-0.04885,1.77082,1.07821,0
-1.32446,-3.26033,-1.78282,7.77934,3.7409,-2.75346,0.65121,1.85463,0.54818,-1.10339,-0.33444,0.67986,1
4.00044,-2.2097,-0.24805,0.4891,3.27293,-0.46578,-1.33246,1.15947,1.93667,-2.12277,1.3369,1.16152,0
3.87424,-2.1805,2.97818,5.14713,-0.51974,-4.55775,2.48778,2.15224,1.53122,-1.14244,-0.85853,2.01386,0
-0.31868,-0.99248,4.0361,2.67711,2.82169,-4.95747,-0.27909,-3.36597,4.63271,-1.17054,-3.09399,-0.14057,1
2.22261,-1.61074,-4.14353,2.14607,-3.86446,1.03112,-0.48314,2.15062,-4.91387,-0.17019,0.11009,-0.43173,0
-0.00881,-3.19965,3.68581,-0.6407,10.19202,-1.07694,-1.47637,-0.9356,5.41821,0.38753,-4.91078,2.68029,1
2.00544,-0.76758,5.21076,3.6033,-2.90469,-3.03139,3.87725,0.40489,-0.61892,-0.18785,-3.55822,2.37499,0
3.26672,1.07103,2.68045,-1.61026,0.22911,-0.61329,-0.3365,1.52123,0.16986,-0.76343,-0.59919,3.45841,0
-2.73062,0.60298,-2.57735,3.10462,4.8794,-0.09907,-1.22852,1.05369,0.57195,-1.67224,3.92902,2.05313,1
-0.1363,-1.86174,-7.7298,2.95914,1.59878,-2.76101,-3.74855,-0.15339,0.06893,0.93768,4.50082,-1.52189,0
-0.04048,-2.65086,-3.20932,1.3558,8.2329,2.10969,-3.0388,1.07628,2.36899,-3.19516,2.39165,0.11633,0
-1.34894,3.37884,3.67587,-4.83638,-2.18708,1.66296,-0.02663,-0.53568,-0.61942,1.02006,-3.92329,0.25504,1
-3.69947,-0.33687,2.20098,5.8827,2.9371,-2.59272,4.18838,-1.37132,-0.11516,1.12546,1.83818,4.84578,0
-2.88597,-4.15475,-0.95539,7.92412,14.02575,-0.63353,-0.8201,1.42458,2.38774,-2.92042,0.82454,6.03866,1
2.76395,2.10051,0.56624,-1.16574,-5.3138,-4.15897,-0.47766,-0.28276,0.03531,1.61066,0.76367,0.23542,0
-0.47614,2.93006,4.55467,-4.86121,-0.05428,3.40706,0.94194,1.99274,-0.33134,0.10891,-3.3595,1.79942,1
-2.68712,-0.99113,-2.54864,5.40443,2.7386,-0.77149,0.00118,0.68072,-0.37914,-1.56292,1.91362,0.34529,1
-0.63295,3.27468,-2.97462,0.19684,-5.96121,-2.92227,-1.80847,2.30827,-3.44075,2.66147,-0.59204,0.10881,0
-0.60488,3.21995,-0.23471,0.8527,-2.14584,-3.00839,-1.38211,4.52349,-0.51694,0.96725,-1.68293,1.10136,0
1.90554,0.20408,3.71787,2.55184,-2.6902,-3.44815,2.6388,1.23223,0.16677,0.28485,-1.83531,1.9377,0
-3.90433,-0.75776,-5.98002,10.04227,3.86836,-1.19856,-0.40973,1.99313,-2.12225,-3.68349,6.28082,1.89802,1
0.52256,-2.85464,-1.44448,3.89901,0.95353,-4.05682,3.06922,0.19153,0.69602,4.32782,3.30257,2.54981,0
-2.31112,-0.35649,0.58735,4.66025,6.21882,-2.42738,-0.50471,-0.93487,2.6388,-2.38776,1.80477,2.70698,1
-1.14056,-1.29192,0.75589,6.10693,-0.56003,-2.56316,3.63742,1.14584,-0.75136,0.41685,0.54268,1.60563,0
2.29444,-1.63459,0.80214,2.39433,2.20381,-0.45131,-0.15471,2.81028,0.13579,-1.84249,-1.57054,1.89166,0
-0.71314,0.66798,-1.08719,-1.73469,-0.14726,-0.48966,-1.44143,-1.59684,1.34949,0.59548,0.91287,-1.89813,1
-4.42618,0.3177,-0.76946,4.85412,3.30869,-1.17859,1.39694,2.19556,0.1514,0.43569,0.83437,1.82714,0
-1.91885,-1.62253,-3.43933,2.72331,-0.86506,1.19557,1.02853,0.74764,-2.57792,1.06502,0.74055,-1.2901,0
-1.52311,2.23301,-0.46482,1.617,-0.01049,-2.48619,-0.46365,3.61805,0.56635,0.86508,0.14652,1.06379,0
-3.51278,1.49838,-1.08696,4.05206,0.84805,-0.55208,0.15508,1.88326,-1.48565,-1.07294,0.41814,1.28434,0
1.7095,-3.27631,-1.72948,3.9023,4.53646,-1.79604,-0.41002,0.84963,2.5981,-1.64942,2.68334,0.4066,0
-0.16828,0.78449,-0.35198,3.34626,-1.19889,-3.18983,-0.36574,3.31344,-0.92961,0.48626,-1.943,1.34019,0
0.63601,-0.25257,1.14713,-0.04666,4.43208,1.09209,-0.92331,1.57872,1.53246,-2.18504,-0.13943,1.87601,0
1.43807,-0.91723,-1.37818,-0.17141,5.17528,0.19619,-1.96953,1.01228,1.70646,-1.11566,2.63321,2.33752,0
1.02072,-1.09227,0.12625,2.94665,-1.97612,-3.93065,1.18199,-1.67972,0.06081,1.23701,0.58812,0.57628,0
-2.27517,-0.10124,-0.5657,6.11553,2.04635,-2.67715,1.68847,0.10246,1.0259,-1.57764,3.88043,1.40839,1
1.0636,-2.50719,0.49109,-0.00656,2.74321,-0.72273,-1.09121,0.5237,1.66939,0.67612,-3.85691,-0.53372,1
-0.77515,-1.56683,-3.70088,0.60731,5.72193,2.51456,-3.40128,0.12615,-0.94135,-1.83775,0.80061,1.34603,0
-1.83987,-1.45778,-0.02195,4.43552,3.04577,-3.11988,1.64658,1.04114,1.53543,1.6497,0.36609,1.78397,0
-3.72195,0.20673,1.83037,0.34743,7.51297,-0.33222,-0.68231,-1.80495,3.56287,-0.28754,-0.19542,2.16899,1
-3.54196,-0.71535,-2.75768,0.32391,4.12813,0.16617,-1.18995,-1.37615,1.11771,1.73796,1.34191,-0.34655,0
1.26146,0.82918,1.02891,0.61205,-3.2992,-1.86919,-0.01428,-0.17378,-0.97046,-0.22989,-1.44543,0.07008,0
0.90639,1.22684,-2.13384,-1.62749,-0.01742,0.67006,-3.52702,1.99796,-0.97784,-1.00035,-0.88401,-0.22609,0
1.52883,-1.93345,-2.97214,2.52323,-4.78329,-0.57615,3.09561,2.87972,-3.09934,3.11075,1.88508,-0.61926,0
-0.48323,-1.77965,-4.06164,0.2895,0.03693,2.17935,-0.38559,1.68746,-2.81938,1.81474,0.13169,-0.49836,0
-2.40553,-1.48208,-1.58308,7.88809,5.50865,-2.91924,-1.2859,-0.11193,2.00526,-4.27622,1.67578,0.5482,1
-1.07106,0.96077,-3.1978,0.72343,0.77612,-1.36659,-2.51499,0.98458,0.77066,-0.19167,1.97689,-1.0957,0
-2.90083,1.00469,-6.08093,3.11347,-0.43463,-1.44202,-3.48324,3.82358,-2.58662,0.9867,-0.61598,-0.9984,0
-5.11086,0.42669,-2.99477,0.96726,8.15254,-4.65894,-4.49421,4.50071,7.88151,2.74159,-1.86817,-3.3205,1
3.87897,-1.13552,-1.37742,0.0966,3.01842,-1.58836,-1.90759,1.97152,1.95178,-0.88494,2.93978,2.06339,0
-0.67874,-2.32336,-5.53029,5.1255,4.09434,-1.28218,-3.57736,3.40922,-0.24374,-1.65844,-0.0353,-0.62731,0
-0.95915,-2.38328,-2.41425,2.83241,2.83279,-1.17461,0.45173,0.08134,-0.33725,2.091,1.14249,1.62223,0
-2.13901,-0.46173,-1.96762,4.00134,1.04795,-1.1919,1.10251,-0.33977,-1.62595,0.75054,2.52024,2.22932,0
-0.26608,-3.13759,-1.72089,3.97359,2.87478,-1.9283,1.71044,-0.51289,-0.89242,2.62138,1.62795,3.4288,0
-0.04388,-2.61624,0.00844,7.36893,-1.61421,-3.01987,4.89018,1.03289,-1.85124,1.305,1.60989,2.24316,0
0.72498,-1.61694,-2.67802,3.32781,1.49478,-4.22397,-0.84212,-1.05057,1.81733,0.75931,3.4592,0.33701,0
1.31224,-3.88965,-3.68236,2.46455,-0.22018,-0.53724,1.42714,-0.79711,-1.69057,2.56213,2.57718,0.2109,0
-0.09199,-2.29831,-2.72971,4.77111,5.36045,-0.99607,-0.83665,3.04953,0.75577,-1.30079,1.88061,2.01443,1
1.02415,-1.87481,-2.93128,3.4002,1.196,-2.73101,-1.00729,0.55925,1.26278,-0.41739,2.43519,-0.74471,0
-0.03085,-0.91804,-1.93924,0.43507,3.32465,-0.33038,-2.47952,0.52736,-0.18751,0.21614,-0.81621,1.51712,0
-0.67704,-2.10423,-2.70868,4.81472,-0.47484,-2.50849,-0.13914,1.08802,0.34548,-0.19773,-0.30626,-2.65307,1
-0.54275,1.04372,0.96777,-0.74539,4.45236,1.63804,-1.21879,2.99929,1.87059,-2.15283,-0.09427,1.27917,0
-0.90458,1.13882,-0.48214,-2.11681,2.66062,-0.06872,-1.86191,3.28726,2.77752,0.8729,-0.80511,-0.96112,1
-2.92873,1.06878,-2.06524,2.4161,-3.13248,0.43558,2.67893,1.86522,-3.19188,2.14004,2.03136,0.25312,0
-2.29917,0.04204,-4.53314,2.66072,7.17553,-0.2594,-5.42874,0.56696,0.17458,-2.73283,1.39567,2.08078,1
0.18533,3.80125,2.88945,-3.86442,-2.82459,0.53242,-0.62571,1.97745,0.58749,-0.4219,-2.28315,-0.74098,1
0.85,-0.8687,0.23027,0.97665,0.53933,-2.02473,-0.29678,0.19877,1.34458,0.36645,-0.74495,-0.15853,1
-1.50942,1.01007,0.3245,4.40304,-1.25671,-2.22955,1.69739,1.58475,-0.9587,-0.4841,0.77583,1.38195,0
0.53723,1.71136,1.42322,-1.88286,-0.78984,-0.62666,-0.29977,-0.69149,1.6851,-0.57473,1.12936,-0.45581,0
-2.42832,-0.42479,-4.91955,2.02704,0.3447,-1.04428,-2.06403,-1.33567,0.10611,0.18063,2.76842,-2.84314,0
0.02155,-1.93862,-1.68273,3.85194,-2.01011,-2.79511,0.3936,0.01181,-0.51501,0.80337,-1.20431,-1.87582,1
-4.03939,1.69474,-1.02469,2.6179,2.65383,0.37242,-1.06616,0.61212,-0.68756,-1.70184,0.348,1.09386,0
-0.96349,-0.23976,-2.57076,2.25455,-2.80604,-0.241,2.38804,3.71277,-1.77126,2.49684,1.80033,-0.80542,0
2.75931,-3.09027,3.01954,2.81285,5.28735,0.10855,1.07494,1.567,1.98594,-3.00602,-1.34537,2.85524,0
-1.25848,-0.28354,-1.00893,4.14747,-1.88091,-0.17415,2.2448,2.22519,-2.51676,-0.02742,0.49639,0.49511,0
-2.43683,2.89232,0.55756,3.59279,-0.54816,-1.78627,0.23313,3.37231,-0.32036,-1.69853,0.03862,1.0668,0
0.45394,-0.42648,3.00328,5.12276,-0.92726,-6.0766,3.40389,0.44492,1.77213,1.53046,0.25114,2.58653,0
-1.57273,1.06571,-3.15197,-3.4589,2.31204,0.3716,-3.31248,0.69263,2.03995,1.84152,1.085,-1.91331,1
-3.76604,0.53086,-2.58883,1.113,3.13489,-3.89108,-3.41795,0.9063,5.29934,1.05668,-0.90455,-4.66339,1
-1.45166,-0.69464,-1.72253,-0.19075,3.57839,1.20264,-0.52966,0.94788,1.69674,0.16673,1.79447,-0.71973,1
-0.1543,5.1858,1.38477,-7.67972,-2.57668,-0.6418,-3.74129,1.83089,2.08678,2.09727,-3.15416,-1.88558,1
2.88227,-3.89827,-2.36395,2.67166,4.77236,-0.81716,-1.65198,-0.4814,1.28914,-1.83432,2.13414,1.18297,0
1.71583,-1.38703,-0.49255,3.79649,-0.80425,-3.39319,0.55624,0.24878,0.7733,-0.62045,1.26005,0.00544,0
-0.76053,-2.10154,-1.58972,0.28646,3.77446,2.44544,0.25539,1.99123,0.73631,0.14426,0.40544,-0.58577,1
-1.08186,1.14589,-0.58272,-3.38029,-0.36985,0.63129,-1.50732,0.10388,0.83485,1.71407,-1.3977,-1.93883,1
4.77326,-0.77461,-2.03954,-0.72933,0.11741,-2.44576,-2.73694,0.4192,0.0981,0.13115,2.07853,2.10097,0
0.21605,-2.48184,-1.80375,5.18111,2.20168,-1.69206,-0.21834,2.11366,-1.17616,-0.47232,-1.13177,1.72368,0
-0.6635,2.1341,0.88323,3.01513,-6.10371,-5.12915,1.74638,0.93649,-1.24112,2.33782,-1.08132,0.14793,0
-2.14866,-0.80021,-1.05853,5.46316,8.65371,-3.11306,-4.12721,-0.6931,3.50275,-4.49242,0.21725,1.76811,1
3.46581,-2.23079,3.54762,0.78508,4.7508,2.43577,0.61742,3.29354,0.13394,-3.31129,-3.05166,3.92099,0
-4.25659,-1.42444,-5.25555,7.75374,6.58271,0.29043,-2.61039,0.97848,-1.16809,-4.20832,2.55495,1.04593,1
-0.99576,2.83908,-0.12295,-4.9668,2.57016,0.71787,-3.2388,3.21798,2.72055,1.12557,-1.30784,-0.56345,1
-3.01332,-0.88205,-1.06405,2.5066,1.34517,-0.74315,-0.02799,-1.19934,2.26597,-0.89862,0.16206,-3.73925,1
-0.27249,0.34089,-3.85687,2.18129,-2.76708,-3.32286,-1.23741,1.03961,-0.41669,1.58141,1.83927,-1.75098,0
0.61575,-4.28011,-3.71933,6.29007,4.18214,-0.77419,-1.67767,2.67177,-0.7766,-2.1089,-1.35404,0.16058,1
1.17141,-2.72553,-1.93383,1.26365,3.37316,-1.12362,-3.07807,1.24385,1.42164,-0.53733,-3.11898,-1.23722,1
-0.85982,-0.68187,-3.30034,-1.25309,-0.56172,1.51861,0.66994,2.35078,-1.67959,3.83478,1.16199,-0.27282,0
0.5096,-2.08876,-3.33269,1.36885,0.44154,-1.39058,0.6523,0.03703,-0.63355,3.16036,3.00347,0.96404,0
-2.12124,-1.24258,1.24497,3.88966,3.58122,-0.08803,1.51712,0.35581,0.50358,-1.24156,-0.84818,1.52116,0
-3.41386,-5.12459,-1.15889,6.50148,7.16288,-0.71223,2.34889,1.43598,3.373,0.38585,-0.55206,-1.44985,1
-0.39392,-0.77704,-8.80195,-0.46939,7.75891,0.71874,-7.2815,2.27091,0.37548,-0.29883,4.62113,1.37546,0
-1.1499,2.72656,-2.1214,-0.86798,-3.90074,-0.79287,-2.25626,0.02957,-4.48713,1.91562,-1.87858,1.5387,0
-1.36455,-0.18925,2.00208,0.00054,7.91211,-0.87671,-1.76582,-0.8581,4.05482,-1.19411,-0.49175,2.73957,1
-2.03196,1.4196,2.02356,0.47293,0.54199,1.37119,0.42231,1.13746,-0.73676,-1.38354,-2.60933,0.63261,0
1.07276,-2.80119,2.11216,-1.14159,11.87697,-0.18571,-2.47672,1.77621,5.71019,-0.38401,-2.39696,3.70815,1
-4.01132,1.95844,-0.6263,0.03459,1.39291,-2.43827,-2.55425,-1.40512,3.60114,-0.12169,-0.82783,-3.56088,1
-3.46329,-0.36902,-1.30542,2.53288,4.85149,-0.88238,-0.78274,1.05442,1.36304,0.55992,-0.17221,0.94811,0
-1.0687,-1.88016,-0.64465,3.96644,2.94456,-2.18482,0.93047,-0.92653,2.0852,-0.36169,2.12151,0.10333,0
0.43732,-1.98644,-2.71407,1.97624,-0.29878,-0.32882,0.13791,1.24901,-1.19667,1.11915,0.34124,-0.55566,0
2.22994,-0.09867,2.8228,6.55358,0.02197,-6.22247,0.75152,1.50661,0.76972,-2.12872,-0.99507,3.93259,0
1.24777,-3.07455,-3.45575,3.07652,4.63069,0.20295,-2.18103,1.55267,-0.21618,-1.67149,0.86354,1.11792,0
-0.87946,-1.51614,-4.52537,0.47207,5.77581,1.38137,-3.42199,0.09084,1.83722,-1.82011,3.35904,-1.15767,0
-0.22908,1.31013,5.063,2.42408,1.49495,-1.74599,2.70555,3.53048,2.40892,-1.42065,-1.55641,2.37594,0
1.46263,2.0307,2.6438,-4.19741,-2.49561,3.30508,0.94366,0.24499,-1.65282,-0.68612,-0.49653,0.96399,1
-1.04286,0.96378,-3.75705,-0.4696,-1.27985,0.98025,-1.44915,1.63494,-2.03471,0.94354,1.52037,-0.77945,0
2.29489,2.45433,1.83153,-3.25132,-0.91228,-0.37324,-0.9463,1.2153,-0.53969,0.52113,-0.17913,3.30993,0
0.62391,0.03399,-0.54488,-1.72763,2.35456,-0.1338,-1.25132,1.67029,1.51467,1.0643,0.23862,0.74613,1
-1.29902,-1.21183,-1.71775,4.1875,1.23796,0.10998,1.06022,1.40652,-2.75909,0.12359,0.41985,2.55691,0
0.98279,2.60945,-0.19946,-5.02894,-1.67728,1.9526,-0.7465,2.30279,0.98101,0.52896,1.95393,-1.3863,1
-2.80224,-1.37241,-0.67362,1.90258,5.19851,0.05623,-0.66261,-2.21739,-0.22699,0.53689,-0.60227,2.65227,0
-0.12353,1.7196,-1.55985,-4.16874,-1.03048,-0.51589,-3.23645,1.8738,2.0186,1.71939,-1.79754,-3.49444,1
0.36124,-4.06639,-2.78872,6.21617,1.11002,-1.43599,2.61053,1.26462,-2.30825,1.62749,1.69817,2.31343,0
-1.14493,-3.85941,-5.00304,6.61414,1.30318,-1.98155,-0.6929,-0.38085,-2.15335,0.30763,0.15325,-0.47848,0
2.08698,1.13074,-1.68876,-2.54762,-1.17063,-0.73299,-2.26423,-0.43154,-0.08784,0.45254,2.16625,0.37145,0
0.37376,-3.81625,1.31671,5.67043,3.61831,-3.37253,2.96486,-3.90578,-0.2887,1.16778,1.36388,5.31573,0
1.15808,-1.91642,-11.21815,4.0941,2.18434,-4.63712,-6.45312,2.65047,-2.03168,2.39272,4.50023,1.24815,0
-0.03637,-2.00417,2.79194,2.97245,3.50503,-0.21032,2.23084,-0.53136,2.28341,-2.07668,-0.01663,0.84359,0
-2.36376,-2.17704,-0.11225,5.39136,1.96122,-1.46719,1.45859,-0.21284,1.85896,-1.55751,-0.41412,-2.29443,1
-2.55627,-0.29211,-3.86512,0.10745,-0.27444,0.5912,1.14894,3.91573,-0.66854,4.44973,1.48213,-1.27203,0
-1.94863,-0.38161,-1.59935,2.69832,2.27776,-3.9574,-2.68429,0.74659,5.47126,-1.35129,-0.63979,-5.28282,1
-0.41855,-0.26583,-3.37158,1.42157,-2.59451,0.94517,0.23986,1.3184,-3.09128,0.62442,1.43545,-0.79422,0
-1.23347,1.8136,-4.19705,2.40679,-1.93815,-5.24422,-2.18765,1.42483,0.91283,1.99929,3.04065,-1.14483,0
-2.64151,1.41917,-0.04107,-1.78216,-0.40312,-0.05753,-0.73764,-1.55524,0.99243,1.1845,-0.85298,-2.04794,1
0.62142,1.46907,1.10303,-5.19921,-1.12255,4.05356,-0.01294,0.84191,-1.36244,0.56372,-1.06145,0.13152,1
0.67865,-0.73548,-1.42511,1.54807,1.49005,0.75306,-0.06357,3.16633,0.51765,-1.45212,1.5781,-0.36241,1
-1.49813,-0.67681,-1.40649,1.99497,0.58645,-1.51799,1.32114,2.22357,0.35184,2.7291,0.59169,0.24282,0
2.92656,-3.15732,0.37055,3.35925,5.59707,-1.3825,-0.39542,1.68327,1.62254,-1.88083,0.38258,3.49397,0
-0.06753,0.16813,1.40781,-0.11137,3.68581,-0.88991,-0.12738,-1.37078,3.35466,-1.22869,2.53063,1.01794,0
-1.14756,2.37803,2.16095,-3.34321,0.41227,2.12601,0.007,1.79757,0.67085,0.04361,-1.55669,0.09539,1
-1.28883,-0.99675,-2.07263,2.43868,-0.82082,0.41955,1.4069,2.08246,-1.93238,1.35991,0.16833,-0.25454,0
2.09976,-2.33097,-1.64894,3.50342,-0.11356,-0.69091,-0.81292,-0.65346,-2.58512,-1.72935,-0.46737,1.41054,0
-3.28464,2.68459,-0.57815,2.73148,3.98795,0.23711,-1.07194,-0.18192,1.34269,-4.27115,4.90076,1.54485,1
1.92631,-1.85323,-3.79142,-0.43062,5.90573,-1.30465,-3.21127,-1.60681,3.86809,-0.80366,6.34709,0.4422,0
-2.6176,4.50861,1.55944,-2.52997,-2.08806,-1.93732,-1.96696,-0.285,2.33676,-0.03958,-1.46464,-2.46907,1
0.88435,-0.86639,-1.80687,0.20102,4.2764,0.432,-1.67867,1.08594,1.53197,-1.24362,2.7488,1.14864,0
0.22246,-2.14253,-2.36691,2.98218,1.80373,-1.97894,0.12884,0.06389,-0.33643,1.52597,1.61653,1.65315,0
-0.15731,-0.63734,-3.44667,-1.79172,1.2207,-0.41403,-1.57975,1.40251,0.56716,3.39059,1.07108,-0.51801,0
-1.02308,-1.44747,-2.39582,4.20262,0.59376,-0.55281,0.71727,1.97182,-0.34194,-0.64703,1.35296,-0.98536,1
-0.15488,-1.6243,-0.7181,5.61748,-1.01909,-1.92472,2.93928,0.82222,-1.58693,0.15245,1.87533,1.49922,0
-3.00033,-1.36504,-1.08105,3.67455,7.99562,0.61821,-0.38839,0.73606,1.1372,-1.3595,1.64439,3.24183,1
2.08709,-0.94116,-2.80772,0.96835,2.90689,-1.65129,-2.63026,1.45955,0.8786,-0.47892,2.3578,1.61972,0
-0.88298,4.0469,0.60891,-3.91963,-0.80286,0.32598,-0.94994,-0.36209,1.45136,-0.02207,3.29599,0.11594,1
-0.87472,-3.19757,-5.35581,4.10296,7.88364,0.35365,-3.83509,2.75859,-0.69439,-1.06978,-0.02362,2.37112,1
-4.10292,3.68992,1.57489,2.87006,-0.43641,-3.35775,1.93255,1.8616,1.7723,0.72848,2.0079,1.06282,0
-0.71815,-1.17435,0.09282,-0.09979,2.67753,1.51604,1.26098,1.51251,0.10692,1.33773,-0.17618,1.318,1
1.19062,-2.02743,2.20313,4.79677,0.4068,-2.66646,2.24844,0.94185,0.86272,-1.13531,-1.40266,0.98139,0
-0.41764,0.69215,3.90502,1.97875,1.78299,-3.86226,1.89062,-1.8639,3.73948,-0.36103,1.38421,1.8965,1
-0.63296,-5.16049,-2.0112,7.15588,3.3705,-1.09714,3.30705,0.32635,-3.62808,2.74684,-0.06492,5.18909,0
-3.95342,-1.22654,-2.17506,3.52322,3.76796,-3.16405,-1.53388,-0.32699,4.55008,0.10314,-0.27483,-4.1983,1
0.82156,-1.79037,-9.93692,4.15767,1.02519,-3.4378,-5.7507,3.91118,-2.43037,1.51429,1.99277,-0.14013,0
-0.01966,-0.95597,-2.88641,0.33344,3.3524,-0.73829,-3.66201,0.90981,0.58794,-0.10484,-1.08891,-0.02394,1
0.25477,1.07093,0.59099,-0.3296,1.26321,-0.61437,-0.30861,1.933,1.37057,-0.26249,0.82219,1.01238,0
0.2116,-1.29205,-3.03573,2.29341,-3.35111,1.75504,0.9605,1.82446,-3.62369,-0.30601,0.32345,-1.79068,0
-1.80904,1.45375,-1.7681,-0.51617,0.8484,0.14031,-2.21177,-0.28102,0.4167,-0.72851,0.86664,-1.08182,1
1.68355,-0.9976,0.28864,2.87213,0.62828,-2.04003,0.47146,2.50073,0.41405,-0.53407,-0.22478,1.42342,0
-3.23531,-4.5037,-6.335,4.45986,7.55675,0.25022,-1.91149,-3.86016,2.49906,-1.30088,5.49089,-2.52631,0
1.65849,-1.13343,1.49778,0.85381,3.6062,0.27793,0.14299,1.53043,2.80864,-2.61669,0.86341,0.45082,0
-0.51329,-3.58229,-3.4835,-0.68102,4.62663,3.63297,0.26499,2.35182,-0.70043,2.55017,0.42061,0.36549,1
-0.40133,-3.52005,-2.78231,3.67726,8.87324,2.15387,-2.1157,2.87674,1.36011,-3.40199,0.55517,1.14147,0
0.60583,-1.81729,-1.69768,0.54877,4.94484,2.11246,-1.92278,0.9457,0.52163,-2.3251,0.67981,0.70543,0
0.0074,-1.8087,-1.18216,5.39584,0.14925,-2.23529,1.57411,-0.16115,-1.29226,-0.27898,1.73443,1.76662,0
-1.826,0.67031,0.02824,2.66733,4.93733,-1.23707,-1.175,-0.86918,1.53363,-2.27074,2.3327,2.76467,1
2.94706,-0.47688,7.70002,1.68824,-3.50122,-2.08862,5.17378,-1.295,0.99596,-1.22144,-2.65007,1.43755,0
-1.25257,-0.11788,-1.84332,1.80569,0.49121,0.07852,-0.12004,1.68936,-1.2575,0.41316,0.24722,0.48975,0
-0.16336,-0.57356,-6.33108,1.14353,1.79968,0.31217,-4.24295,2.92342,-1.43052,-0.36312,1.34597,-0.81964,0
-0.14556,-1.68581,-2.18575,3.96872,4.36233,-2.8067,-1.1037,1.12497,1.76258,-0.28131,2.04984,1.60665,0
1.05497,-0.06893,-1.3809,2.15105,-0.37964,-2.10787,-1.78787,1.57987,0.78292,-1.68553,-0.02765,-1.25672,0
-0.60745,2.19902,-0.12352,-3.3384,-1.83003,0.25148,-2.03007,-0.882,0.77625,0.03336,-0.7521,-2.45719,1
-2.41839,-0.21546,-1.9337,9.3801,0.12293,-7.25096,0.70375,5.77489,-0.12621,1.8522,-1.64974,1.87906,0
-0.31542,0.07556,-1.46365,2.05838,4.0407,-1.24444,-2.78646,1.2723,2.28777,-2.79235,1.21886,-0.01526,1
1.16965,-2.24857,-3.22999,1.20747,-3.46738,0.90847,1.54738,-2.24704,-3.47926,1.32664,2.89414,-0.69964,0
-1.29639,0.63094,-5.16729,-0.13695,2.13267,-0.41803,-4.12927,0.18864,0.4325,-0.26038,2.93853,-1.22525,0
0.40748,1.66817,-4.16818,-0.98718,-4.29735,-2.08309,-3.15168,-0.6491,-1.31207,1.0685,1.5732,-2.4186,0
-0.54992,-1.46669,-0.0332,2.67418,2.08119,-1.06191,0.24506,0.46424,1.30557,-0.7056,-0.56254,-0.40743,1
-1.40524,1.49171,2.30692,7.65945,-3.50995,-5.01819,5.0612,1.78117,-0.76532,-0.12459,2.70392,2.82496,0
-0.82951,-2.78359,-2.75006,2.58362,2.13512,-0.58318,1.42294,-0.78836,-1.12041,2.81087,2.36228,1.90535,0
0.43605,2.65772,-1.66889,-5.27526,3.07401,2.73243,-4.19366,1.42291,0.33318,-0.82779,1.72171,1.54799,0
2.54377,-0.58803,-3.73584,1.26141,0.02004,-2.40678,-3.25614,2.76099,-0.66923,0.18603,0.46547,0.63047,0
-0.72029,-0.07798,-0.17343,2.06435,1.46193,-2.30526,0.4743,0.72289,0.69944,1.20806,0.84719,1.86829,0
-2.2249,0.24191,-2.39861,2.51458,-3.84033,2.62998,2.61649,1.7238,-4.53996,0.26222,1.40572,-0.89794,0
0.0634,-0.54484,-0.47856,3.28085,-2.93276,-2.37059,3.12245,1.45318,-1.21168,2.27762,1.63702,0.8443,0
-1.7152,-2.87491,-2.8136,5.54716,-0.41755,-1.9314,4.1352,0.17836,-1.36314,3.39231,3.78088,0.86769,1
-0.99384,-1.37441,-2.8415,3.04747,8.31761,0.06252,-2.8605,2.44287,1.81431,-2.31773,2.11625,2.53034,1
-3.51866,-0.75347,0.87593,7.96655,2.74144,-4.41539,3.91867,1.76358,1.62157,0.93217,2.04842,2.66632,0
-1.30656,-2.55357,-1.3989,6.37286,3.57996,-4.49293,1.68811,-0.5737,1.02535,1.80208,2.63253,3.09519,0
-4.70641,-0.14882,-1.29035,5.20835,5.45741,0.00359,-0.32967,-1.02904,0.43388,-2.72915,1.98791,1.37026,1
-3.35754,0.41451,-0.62451,2.35294,9.73009,-0.64694,-2.72816,0.27927,3.73311,-2.57649,2.20256,2.90395,1
1.83083,-1.92187,0.38533,2.08706,3.09962,-2.12718,0.32261,-0.62409,3.19367,-1.25478,2.71368,0.60023,0
-0.45221,-2.99671,-3.10549,3.14649,3.2411,-1.55183,0.40047,-1.6049,-0.50554,2.15429,2.89981,2.3602,0
2.54048,-1.99472,-2.33988,2.94291,2.01881,-2.20153,-1.6019,1.93113,0.1809,-0.72342,1.0651,1.53007,0
-1.05433,-2.75654,-4.68289,4.84072,3.31368,-0.08904,-2.45301,2.45128,-1.33688,-1.36883,-1.14352,-0.66794,0
0.73762,-3.77579,1.67864,6.22215,4.38563,-1.46111,2.11753,2.01059,2.55095,-2.76037,-0.93767,0.40221,0
-1.14393,0.91042,-3.09191,-0.59706,0.89781,1.19294,-0.73737,2.63433,-0.55887,1.01621,2.83213,0.19485,1
4.23226,-0.16748,1.35875,0.77072,2.76635,-1.85475,-1.29232,4.36523,0.70071,-1.22133,-0.64154,4.71402,0
-1.66047,1.34352,0.08564,-3.27315,1.52171,2.06814,-1.49706,2.3659,1.00906,0.76889,-2.53892,-1.37108,1
0.91287,0.79965,-3.13385,0.37707,-1.71184,-2.63977,-2.4908,0.52011,-0.42434,0.81442,1.51115,-0.38221,0
-0.72006,-1.80456,-2.27674,4.19888,-0.41497,-0.42562,1.91089,0.07399,-2.53021,0.76642,2.06304,1.32694,0
-0.53428,-4.00026,-4.49457,3.62442,2.41915,-0.33334,1.18249,2.23711,-1.12941,3.20621,1.52726,0.54645,0
-1.98856,-0.78288,-3.47094,4.22487,5.95111,0.33483,-1.70357,2.89788,1.25113,-2.81148,3.33606,0.67269,1
-1.45346,0.32061,0.70059,2.83761,-1.32834,-2.17897,3.1855,0.37236,-0.59528,2.19845,1.58202,1.88108,0
-1.86778,0.15976,0.53772,6.38038,-0.56384,-2.7263,3.04803,3.4316,-0.9091,0.0893,0.28761,1.9919,0
-0.17465,-2.28647,-1.97775,3.59831,0.51968,-1.47101,1.88908,0.82996,-1.35911,2.30997,1.44895,1.79395,0
0.86891,-1.81028,-1.9681,-0.8999,2.5436,3.19113,-0.23475,1.88723,-0.67562,-0.13517,1.02167,0.27206,1
-1.29298,1.41952,0.66442,-3.54252,-0.23383,2.25221,-0.37998,0.92877,-0.19496,1.25751,-2.04801,-0.78372,1
0.89736,-1.73482,-2.93451,4.37787,-3.00633,-0.78854,1.60647,2.63378,-2.6371,0.2274,1.34822,-0.72447,0
-1.1599,-1.66191,-4.15721,0.45484,-0.10599,1.48197,-0.1086,1.49338,-1.23324,1.92584,0.95258,-2.20433,0
0.52442,-2.53237,-0.09066,3.05657,4.16417,-1.98749,-0.27867,-2.41496,0.81212,-0.44611,0.71477,2.78492,0
-2.45717,-2.33014,-1.52837,4.60481,3.98179,-3.1614,2.30577,1.48847,1.80308,3.56549,1.90719,1.86525,0
4.16162,-0.81937,2.59846,-0.70142,3.06112,-0.12151,-0.6445,1.62787,1.82572,-2.36514,-0.29006,2.88712,0
0.21599,-3.42096,-2.36742,4.12575,0.62643,-0.6197,1.71343,-0.25027,-1.54111,1.01932,1.32293,0.61185,0
0.42173,-0.78828,-5.52087,-1.38498,-3.89176,1.8429,-0.1694,1.22251,-2.88794,2.7549,2.91132,-2.8217,0
-2.72402,1.41809,1.063,2.2201,2.48433,-0.0728,2.67441,0.61401,1.69212,-0.75102,4.70268,1.82816,1
0.23641,-3.73458,-4.51782,2.21413,0.52032,1.81106,0.23256,0.91837,-3.30549,1.63183,0.14797,-0.2068,0
-2.29448,-1.08453,-3.27737,1.00444,2.07824,-0.37962,-1.22447,-0.60629,1.76892,0.60773,1.66286,-2.93002,1
0.16854,2.18571,-5.04539,1.58254,-3.19564,-2.47421,-3.61065,5.77714,-3.89341,1.82808,-1.31979,1.1325,0
2.00122,1.40296,-0.00105,-1.8797,-2.39225,-1.49067,-1.1889,-1.22487,-0.13702,0.26526,1.26459,0.50116,0
0.12586,-2.13002,-2.37109,1.4007,4.0436,-0.38578,-2.34599,1.44596,0.20081,0.2547,-1.59002,0.81391,1
-0.47198,-1.82859,-1.56763,3.35141,0.76816,-2.25984,2.17416,1.07356,-0.57074,3.1203,1.81691,2.17847,0
0.8715,1.95301,5.32164,-2.09523,4.42096,-0.10884,0.72821,0.88975,4.63174,-2.18685,1.11775,2.8359,0
0.32748,-4.38624,-2.04669,8.06802,8.02279,-1.77924,-0.09389,5.43487,1.9316,-2.36467,0.22228,2.41022,0
-2.19757,-1.31099,1.32313,3.34065,6.74983,-2.17888,0.85335,-0.5425,3.50654,-0.03783,1.15439,2.70816,1
-1.43776,-4.61334,-2.25006,4.61777,5.36507,-1.30702,1.43364,-3.07067,0.28851,1.79957,2.27116,2.30986,0
-1.23326,-1.66999,0.86356,4.05083,1.82324,-0.95482,1.74962,0.05833,1.55472,-1.44093,-0.06841,-0.82617,0
-6.22353,0.68022,-0.7485,2.1264,3.93297,0.77271,2.36192,1.21113,-0.54386,3.23381,1.00134,2.62106,0
1.64844,-0.89361,-4.57867,-4.41744,-0.51445,2.50361,-2.40647,-0.41712,-1.15584,2.10971,2.40007,-1.63951,1
-5.50148,1.24239,-1.02093,2.98994,4.38556,0.47515,-0.38156,2.42087,0.10983,-0.21106,-0.72004,1.11419,0
0.39799,-3.16878,-0.92229,4.75399,5.388,-2.7088,-1.88237,-2.02982,0.9408,-1.76969,-0.73928,2.33383,0
-2.97936,-1.47094,-3.13428,1.37611,3.14331,0.77897,0.09818,-1.33634,-0.7287,1.96243,2.06437,0.70215,0
-0.00037,-0.02065,0.65077,1.07054,5.52304,0.95674,-0.94746,3.78498,1.26891,-2.01287,-0.28089,2.91145,1
0.47618,1.35819,1.56785,0.5115,-5.51208,-2.7612,1.2204,-1.5927,-1.21013,1.14713,-1.22805,-0.51108,0
-2.40361,1.50886,1.91524,5.77355,0.9352,-5.83237,2.45775,1.97588,2.57193,0.74734,1.7166,2.4526,0
1.96777,-2.38589,-0.58845,5.15609,1.78858,-3.16774,0.12257,3.45604,1.30402,-1.20503,-0.48981,0.65529,0
-3.19535,-0.81259,-3.82396,5.22569,6.69941,-1.32097,-3.69151,0.43971,1.26025,-3.17455,1.33895,0.46883,1
-4.3916,-2.06688,-1.36361,7.8909,8.26851,-1.22777,-0.1604,-0.68724,0.90431,-2.86156,1.51334,3.04856,1
-3.12766,2.90884,1.22152,5.52968,-2.20793,-3.67764,3.32671,4.54627,0.40311,0.2641,1.67054,1.04546,0
3.46103,-0.66212,5.03512,-2.92569,-0.95786,-1.84757,3.729,1.10239,3.225,3.41539,-0.78378,1.45573,1
0.30532,-1.62869,-3.19756,4.7928,1.37853,-1.74042,-1.52602,4.00428,-1.06698,-0.82159,-1.0155,0.36521,0
4.01747,0.1984,-2.37928,-3.59251,1.60598,0.75597,-4.245,0.6379,-0.11945,-0.99233,1.81293,1.58807,0
-1.58828,-1.03494,-2.64698,0.35369,3.27334,-0.94583,-1.95437,2.68923,2.67889,1.48753,-0.93465,-2.35012,1
-2.89121,0.44738,-2.74649,-0.15428,2.41986,2.28791,-2.0906,-1.13391,-1.57817,-0.66936,0.63989,0.1253,0
-2.99235,-0.73995,0.07343,6.20123,2.23304,-2.72499,2.7405,2.81414,0.53389,0.98882,0.4194,1.92111,0
-1.14109,1.68123,-0.4327,-2.95202,1.15321,0.94705,-2.11515,2.52487,1.39966,0.59993,-1.73195,-1.4189,1
2.95819,4.42768,0.71039,-13.46021,-2.92529,5.428,-3.20675,1.82235,-2.43764,3.82812,-2.15287,1.697,1
-0.0761,-1.75298,-2.02324,2.84474,2.81077,-2.25927,-0.78268,-0.35452,0.5191,0.69411,1.29362,1.5245,0
-3.7616,0.69035,-0.65832,4.03361,1.05362,-1.21079,1.63602,0.49653,-0.64378,0.53005,1.48881,1.40252,0
3.08691,-2.46648,1.38065,3.0913,1.37203,-0.96661,0.51977,1.6808,-0.00358,-2.0407,-1.8202,1.70628,0
2.03882,0.17084,-0.16796,1.20358,3.63215,-1.49426,-1.23277,4.29119,1.66492,-1.04094,1.38857,3.13301,0
-3.05178,2.17155,-2.09728,-3.61697,4.11466,-3.56919,-4.97443,1.22342,5.68841,3.56368,-1.31245,-2.48028,1
-1.62702,-0.63369,-3.53013,2.98794,-0.97315,1.14571,0.45564,0.36426,-3.46826,-0.03942,1.96218,0.21003,0
-1.73669,-2.70973,-1.66109,5.2233,7.04891,-0.99828,-0.51212,1.34587,1.29694,-1.13563,0.57037,2.28965,1
-0.52124,-0.00969,-4.97962,-0.31465,3.01602,-0.80596,-3.77299,-0.631,1.33649,-0.04319,4.30501,-0.7025,0
-2.03565,1.49659,2.28446,-1.2437,-0.1245,3.11006,1.30771,-0.95571,-1.40801,-1.18055,-1.04196,0.66396,1
0.11577,-1.40037,-0.37252,-1.87763,0.20655,3.65706,0.57538,0.67143,-1.97572,0.82406,-2.03468,-0.32925,1
1.02305,-1.90924,-0.64618,0.31652,6.93541,1.22311,-1.89718,-0.09732,2.74387,-2.80359,2.15594,1.32613,0
1.02574,-2.68846,-5.16212,2.03574,0.75332,-1.41944,-2.97182,-2.56159,-0.39876,-0.44502,2.26838,-1.85984,0
-0.94784,0.48098,0.39092,0.715,2.22672,0.492,-0.52373,2.09899,0.9876,-1.32743,-0.69103,0.13948,0
-2.85946,0.00729,-3.31916,3.60823,4.44354,0.42084,-0.04206,2.51865,-0.36645,-0.3817,4.23619,2.37292,1
2.46118,-4.6851,-4.02198,5.17261,3.85247,-2.44704,-1.17493,0.48806,0.31879,-0.51709,2.23775,1.24977,0
3.36274,-1.09947,5.2214,-1.41191,6.0462,0.27797,1.20312,-0.81101,5.21635,-3.03476,2.08431,3.01435,1
-0.72605,2.60471,2.44501,-6.03594,-1.14168,3.59034,-0.24921,-1.36027,-0.71478,0.54244,-1.69739,0.0188,1
-0.12709,-1.54952,-0.66851,4.18465,0.75774,-3.04535,0.31362,0.4049,1.32535,-0.39084,0.11403,-0.63297,1
0.75477,1.09772,-1.7572,-1.60395,0.66739,0.52749,-2.79198,2.21608,0.34966,-0.90455,0.21755,-0.6011,0
0.12141,3.05866,1.42864,-5.62771,-0.8351,0.82176,-1.56334,2.93058,1.37753,1.8476,-2.39822,-0.62853,1
-1.82837,-2.8149,-3.0572,6.51522,8.16288,-1.50415,-1.64114,1.51498,0.87094,-1.84219,1.44369,3.12061,1
0.57781,-3.11821,-3.33773,4.19814,6.89175,-1.1839,-2.00408,1.83701,2.16778,-1.83838,2.62259,1.27807,0
-1.13465,1.3455,-2.79742,1.20989,-2.53227,-2.28043,-1.56437,-0.19013,-1.69548,1.27406,0.65092,-0.28171,0
3.80808,-2.54473,-0.3178,-0.4564,8.40104,1.74065,-2.43722,2.05192,3.36408,-3.75519,2.58143,2.66847,0
0.35083,-2.8713,-2.8619,6.19688,-2.0688,-2.15808,3.30978,2.3355,-2.62589,2.12122,2.06331,0.96957,0
-1.82411,-2.06947,-3.00501,5.12403,2.52721,-0.26193,0.28378,1.13354,-1.55208,-0.41786,1.01199,1.01923,0
-1.57481,0.38663,0.13297,3.97032,-0.3227,-3.17559,2.19425,2.73272,0.8954,1.41591,1.00094,0.76392,0
-0.93359,-0.64173,-2.80313,3.84704,0.7581,-1.9873,0.54259,3.34249,-0.55674,1.44789,1.78937,1.10062,0
0.19083,-2.56008,3.64511,1.12984,7.33586,2.85908,1.6689,-1.01301,4.3467,-4.68915,1.10754,0.24477,0
0.30794,-1.91233,1.94433,2.45742,3.20999,-3.14254,0.8684,-0.37971,2.80045,0.73814,-1.2918,1.43296,1
0.76395,-1.24716,-6.3294,-1.07315,-4.91757,3.32461,-0.2998,3.66415,-4.7662,2.55871,0.82401,-3.36904,0
3.14645,-4.29309,-2.81306,-2.10099,13.77524,5.65011,-5.18112,0.59863,2.80031,-5.11853,2.87584,3.21986,0
-1.26336,1.03583,-1.91664,0.48033,-1.54031,1.07217,-0.89226,-0.67573,-2.51937,-0.79094,0.77162,-0.23258,0
1.75665,-0.4632,1.67694,-1.69498,0.88603,-1.53952,0.60098,1.11476,2.98844,1.68413,-0.20971,0.05587,1
-4.89906,-2.62007,-5.76261,9.066,1.32301,-3.88708,-0.23553,0.61466,-1.08649,1.2376,0.27123,-1.90518,0
0.95353,3.60424,-0.06,-3.5892,-2.79076,-1.10948,-2.15149,0.99879,0.48668,0.44881,0.88182,-0.2896,0
-0.83937,3.64782,-1.64799,-2.29662,-5.18083,-1.92393,-1.89972,-1.31516,-1.33635,1.64688,1.06992,-1.28143,0
0.28025,-0.54701,-0.84155,3.89795,1.23612,-2.33976,-0.38397,2.8463,-0.1951,-0.5549,-0.4416,1.67749,0
0.17016,-3.21592,-3.13946,5.14,1.5966,-1.38681,-0.38434,-0.3537,-0.96095,-0.92398,0.85396,-0.08376,0
2.32083,-3.89406,3.32389,2.05538,6.9013,0.77197,1.70705,-1.87781,5.23906,-4.44039,2.2281,0.24931,0
-1.27456,0.68563,-4.7195,0.1976,1.71734,0.52865,-3.85029,1.54393,-2.16525,0.17862,0.50905,0.85536,0
2.55352,-1.94164,-4.53464,1.87413,-2.13134,0.29857,-2.00891,1.82613,-2.58533,-1.17289,0.48339,-1.83985,0
0.20592,3.03459,2.12753,-5.47124,1.70514,2.86214,-1.50802,-0.45497,0.79163,-1.14251,0.77629,1.77689,0
-4.43872,0.50742,-5.89951,3.94374,0.97729,-2.05015,-2.76659,1.23765,-0.06195,0.39286,1.6297,-2.78953,1
3.29034,-0.35956,8.21229,-0.61735,-2.13301,0.55486,4.04144,-1.92593,-0.10589,-2.10279,-4.02449,2.47,0
-0.83279,1.75625,1.56236,-4.57955,-0.67611,1.65768,-0.19054,-0.8489,-0.24122,2.01714,-1.75069,0.30149,1
-1.73854,-4.38973,-7.63525,3.0128,6.11282,0.08911,-2.286,1.90296,2.6998,1.02792,3.7932,-3.69797,1
1.09087,-1.83556,-6.13098,4.1307,2.92589,-3.95124,-3.19766,2.33737,0.99547,0.46744,3.99319,0.53291,0
-0.37932,-0.14068,-2.21366,-4.89777,0.92057,4.96868,-1.15058,0.65323,-2.28934,1.94782,-0.41424,0.02391,1
1.32352,-0.7725,-0.41695,-1.6307,-0.46766,2.64632,-0.33764,0.55405,-0.62514,-1.13156,-0.49706,-1.50836,1
-2.1389,1.31036,1.00948,5.1272,1.76213,-3.45222,0.41914,2.14031,0.52034,-1.06518,-0.27531,2.72474,0
-1.93848,0.1182,1.55292,5.36121,1.55103,-3.32923,2.30866,1.79774,0.38592,0.39131,-0.12436,3.09223,0
0.16435,-2.86812,-5.33948,1.81282,8.11893,-0.0247,-5.65789,2.75804,0.14069,-0.52283,-1.36611,2.00962,1
-5.29526,-0.32831,-4.71887,7.91973,6.00159,-0.85604,-3.3313,-0.94723,-0.73134,-4.79322,2.30146,0.54795,1
-3.83881,-1.67456,-0.8836,4.95673,7.40469,-1.98342,0.12914,-1.07674,1.33491,0.52433,1.1524,3.72254,0
1.38172,-3.76876,-0.66375,5.98809,5.21836,-1.75344,0.48487,2.60352,0.65549,-1.47673,-0.08203,3.00724,0
-1.9367,-1.2717,2.57458,5.00051,4.4907,-2.25502,2.24606,-1.0258,2.99813,-1.75876,0.9403,1.65231,1
0.1622,-1.32622,-3.38943,3.63823,-1.48519,-3.39706,-1.27362,-0.61577,-1.69401,1.23237,0.07548,-0.00227,0
-1.8151,-1.33702,-0.03138,3.92283,2.75515,-2.22562,1.52746,0.22966,1.04989,1.02862,0.63291,1.57239,0
1.0444,0.35279,1.14401,-2.64606,-0.98797,-0.26002,0.41928,0.24235,1.10387,1.78238,-0.54135,-0.39909,1
-0.69109,-2.58273,-2.03484,5.83671,0.50856,-0.91146,2.17628,0.0378,-2.57479,0.20879,1.68309,2.0058,0
0.53344,-3.34574,-3.69543,3.65264,6.67062,0.71911,-2.3585,1.65708,-0.17435,-2.03138,1.19467,2.10929,0
5.37503,0.58701,-5.39393,-4.80399,-0.94735,-0.05373,-6.05529,0.40741,-2.40203,0.83721,2.7957,2.00576,0
-1.65414,-0.97161,-3.78836,-1.10987,4.22185,-0.59653,-2.72133,2.68287,3.1845,2.48044,0.19322,-2.36438,1
-0.63982,-1.16509,-0.86215,1.52956,1.66624,-0.26082,1.08086,0.05285,1.71085,-0.03964,2.59162,-0.89383,1
2.9096,-1.82784,3.42162,2.21513,4.19017,-2.11748,1.57708,0.65587,4.24334,-2.24987,1.6332,2.20987,0
1.10093,-2.04673,-3.34341,2.72488,1.96919,-0.69511,-1.6158,2.77999,-0.32989,-0.49557,0.38341,0.02098,1
-0.72054,0.21912,-8.53053,3.68009,-4.25104,-4.7915,-3.50031,1.17562,-3.25145,3.2163,2.63757,-1.4981,0
-2.13793,-1.81161,-1.69489,1.46037,4.77331,1.16284,-1.07705,-2.17704,-1.21101,0.20303,-0.28742,2.32852,0
-1.20413,-0.73854,1.27859,-0.75707,7.51211,1.2118,-1.19593,0.87481,3.08467,-0.82605,-0.87034,2.00771,1
-0.45958,-0.34084,-0.69399,5.51662,-1.84043,-2.90071,2.31499,2.20333,-1.74556,0.61079,1.05832,1.80229,0
-2.60521,-0.40247,-5.93244,5.05057,7.00711,-0.27758,-4.12364,1.94034,-0.94712,-2.66695,3.69721,2.95645,1
2.19813,-2.62623,1.84279,4.28294,4.92163,-2.53115,1.17632,1.92233,3.64018,-2.18856,1.14837,2.08576,0
0.85165,-3.18518,-0.35804,1.70684,5.81754,0.93038,-0.3604,-1.31111,2.1651,-2.2817,1.68607,0.71197,0
1.25641,0.10547,-1.71471,1.16776,0.48042,-2.16514,-1.61871,1.61067,-0.11889,0.30282,0.8724,1.49665,0
1.10977,-2.85557,0.22396,5.44876,2.61618,-4.20169,1.42088,0.47745,2.90835,-0.46965,1.4825,0.66766,0
-2.38558,0.11783,-3.75514,-1.88536,4.35166,-0.48603,-3.43454,1.41919,3.19583,2.08943,0.88938,-2.11328,1
1.87587,1.00715,-4.00039,1.78199,-3.51968,-4.5728,-2.40132,2.7072,-0.91121,1.61953,1.65901,-0.15325,0
-0.79122,1.36356,-2.41337,1.28226,-3.6275,-0.5177,1.2178,4.90047,-1.45788,1.85095,1.40414,-1.23427,0
4.09406,0.88204,4.28323,-3.00188,0.33502,0.18605,0.14719,-0.32095,0.88469,-1.50788,-0.39286,3.33049,0
1.11333,-0.11868,-2.0067,2.30618,-2.0302,-0.956,-0.58105,0.70129,-1.83102,-1.09578,1.28434,0.03878,0
2.51477,-0.50475,-2.27555,0.07376,-3.97846,-0.04536,-0.23586,2.70283,-2.65706,1.00325,-0.38853,-0.71182,0
-1.84364,-2.79834,-1.69886,5.87148,3.72267,-1.43679,1.61773,2.13107,-1.03084,1.3877,-0.20918,2.83449,0
-0.61146,-2.73798,-1.34712,3.58382,7.42693,-1.0549,-1.1631,1.86011,2.23688,-0.69607,0.12669,2.16781,1
-0.60571,-0.0952,-0.56455,-0.38405,3.25767,-0.11363,-2.19562,1.68638,2.32258,-0.76567,-1.31086,-1.07366,1
-3.95278,-0.37315,-0.94555,3.16615,5.43607,-3.68601,-1.54604,2.16018,5.63246,0.52247,-1.02656,-2.5482,1
-1.13691,-0.89474,-1.03968,5.07713,2.49395,-3.51852,0.56278,1.70777,0.93075,0.4988,1.23931,2.00733,0
-0.45854,-0.27386,1.31648,5.65556,0.11927,-3.79937,1.80899,0.99136,0.0649,-0.62824,-0.0255,2.33962,0
-2.88182,0.54501,0.02727,3.10003,-0.11887,-1.70244,2.28489,0.57494,-0.31347,1.67987,1.04851,1.14676,0
1.23781,-0.19626,1.62196,0.60482,-0.45477,-1.23399,0.64766,-0.0711,1.64739,-1.04584,0.0473,-0.64161,0
-0.14373,-0.12623,0.13459,-1.84512,-0.15745,1.08485,0.79277,-0.05388,-0.02728,1.62726,0.13765,-0.09731,1
-1.63745,0.84852,-2.04515,2.91672,-2.28603,-1.05023,1.25833,2.18214,-2.10831,1.19908,1.59634,0.41708,0
-0.82637,0.88331,0.48673,1.34202,0.34407,-1.30278,0.61261,1.98616,-0.46299,1.05594,-0.48851,2.17163,0
2.16537,-1.53735,0.68006,1.60568,1.38939,-0.77981,0.13677,0.91355,1.90055,-2.05407,0.51772,-0.41896,0
1.42622,-1.12908,0.06279,-2.92234,-0.59315,4.17368,1.85888,-0.05489,-2.47492,1.22737,0.73953,1.23191,1
1.24733,-2.88665,-4.65315,3.13083,5.95341,-0.12469,-3.58362,2.72222,0.65166,-2.10857,1.45565,0.81431,0
-1.03487,-0.33594,0.13629,2.09155,1.108,-0.3308,0.20019,0.43684,-0.02789,-0.80923,-0.70356,0.28745,0
-1.03988,0.58332,1.42019,3.22667,-0.37783,-2.32055,1.09902,2.05134,1.06479,-0.68191,-1.22416,-0.20822,0
1.62298,-0.34014,0.12907,2.56452,-2.49184,-2.30073,0.01625,1.4512,-2.2806,0.27391,-2.46873,1.59229,0
0.3818,1.13399,0.36034,2.13828,-2.39884,-1.13818,0.06424,2.2424,-1.8754,-0.94462,-1.48748,0.88432,0
2.34109,1.13063,-0.53161,-0.897,-2.16206,-1.93965,-1.35367,1.10815,-0.19774,0.3883,0.54419,0.61792,0
0.23011,0.7192,-3.1647,-0.25505,-3.13694,1.35431,-0.5775,3.41704,-2.62756,0.61641,0.49822,-1.43963,0
-0.70828,-4.33544,1.46045,7.35421,6.38185,-1.91812,2.33729,0.31755,3.24576,-2.62179,0.01579,0.8917,0
-0.63901,-3.02148,-2.30271,5.74586,4.25235,-3.10892,-1.1115,0.11916,-0.02957,0.04543,-0.72024,2.13938,1
-5.17801,1.66211,-0.21797,2.07345,2.64181,-0.50657,1.87382,2.54458,0.31598,2.57155,0.88602,2.03078,0
-1.16539,-0.35641,-3.05899,-0.57847,3.22711,-0.07459,-1.99182,-2.67341,2.74645,-0.68579,4.96701,-1.79576,0
2.46835,-3.94937,-7.15299,3.3899,1.70407,0.69027,-2.39536,6.03097,-2.6147,0.45007,0.44749,-0.36942,1
-0.97016,0.91786,1.33068,-2.3377,2.48492,3.07133,0.19852,2.99896,0.24489,0.0055,-1.56098,1.01083,1
-1.73653,-1.6324,-0.08104,5.86566,0.70783,-3.53738,4.0502,1.89838,0.00549,3.02611,1.45706,2.54137,0
-2.04292,-2.7043,-4.68785,6.55651,6.21718,-2.14643,-2.85554,0.79118,-0.50437,-1.1538,0.49876,2.07076,1
-2.1348,0.57107,0.86013,-2.92541,1.17494,3.76556,0.49514,-0.99253,-0.69561,0.41355,-1.04818,-0.23135,1
1.76362,-1.79846,-1.68063,6.83175,-4.11695,-2.13912,2.50436,1.96954,-2.84632,-1.61185,1.76987,-0.13427,0
3.68481,-5.41394,-1.67508,5.49724,0.3231,-2.27188,2.29915,-2.19662,-2.75706,0.99468,1.84683,3.67495,0
-0.43052,1.59678,2.94757,-2.66372,-0.55455,2.2083,1.85402,0.10525,-0.34663,0.31939,-0.39377,1.28897,1
3.17737,-4.28024,-2.5699,5.08111,-0.76939,-2.63669,1.14091,0.30213,-1.5754,0.6315,1.16108,0.90403,0
-1.17753,-0.27242,-1.86918,1.33743,-1.67827,0.31144,1.03482,0.24045,-1.36986,0.86069,1.34965,-1.07243,0
-0.30092,-2.18495,-1.2655,5.47934,1.27368,-2.539,0.49923,1.35681,0.07,-0.53095,-0.43285,0.22879,0
-1.51559,-0.31778,-0.36194,5.13785,-1.67801,-2.48669,4.44215,3.96509,-0.92977,2.67955,1.93862,1.6422,0
-2.45194,-0.67458,-2.73703,1.14978,2.59558,2.14443,-0.61772,-0.07459,-2.86686,0.67758,0.37181,2.05786,0
1.82353,-2.32337,-2.74003,2.06478,3.27947,-1.6364,-1.90597,-0.53697,1.53811,-1.10162,2.83829,0.36547,0
-5.10516,-2.14142,0.44975,6.24247,4.70217,-2.11127,4.29907,-2.78688,0.43367,2.44582,2.42102,3.59623,0
1.41842,1.50096,-0.94188,2.45133,-4.24658,-1.54064,-0.05504,1.99072,-2.08155,-1.73397,1.29043,0.01019,0
-2.21153,0.31705,0.47611,3.69256,0.86109,-1.02163,1.0798,3.39663,0.03885,-0.3569,-1.76986,0.33869,0
0.1734,2.24403,-2.53195,-0.54954,-0.7926,-1.73734,-2.64086,2.82308,-0.28291,0.73651,1.16495,0.54562,0
-0.84329,-1.64817,-0.57762,0.77288,1.88527,2.67664,1.51435,-0.0508,-0.54089,-0.51555,1.18212,-0.08725,1
-0.0948,2.53404,2.50212,5.32982,-5.55709,-3.71665,4.0133,5.37754,-2.34146,0.42259,-0.74739,2.58147,0
-1.78612,3.47809,3.20773,-2.25228,-0.71866,1.00441,-0.51179,1.20235,1.67525,-2.03804,-2.34678,-1.66174,1
3.05932,3.26551,1.48417,0.69631,-3.82352,-6.642,-0.24176,3.46436,0.11485,2.535,0.49708,4.33859,0
-0.91234,-3.15038,-4.87357,1.13342,0.38117,2.71675,0.19343,-1.71822,-3.58309,1.61683,1.78793,-0.51375,0
-1.05856,-4.02827,-2.56193,9.29467,4.35436,-4.66188,0.3875,1.60395,0.42684,-0.09691,-0.18038,1.92746,0
-1.57369,-1.4343,-0.04599,4.16721,0.66655,-0.54124,0.6348,0.0048,-1.41676,-0.91249,-2.49491,0.25253,0
-2.5041,-0.55675,-0.15341,3.07765,4.38278,-1.90519,-0.0636,0.4558,1.37088,0.58493,-0.16095,2.05935,0
-1.58297,0.55562,-1.92621,2.74591,-0.98433,0.16461,0.41163,4.22521,-1.4855,-0.10161,-0.24536,-0.67057,0
2.5578,2.62796,-3.14652,-5.75149,-0.06085,1.2639,-5.40237,0.96734,-0.53657,-0.37172,1.9756,0.51279,0
0.65471,-3.4416,-6.74382,5.40876,4.90458,-3.36554,-2.85444,2.04833,1.96815,-0.27939,4.63419,-0.42262,0
-2.09436,1.59761,-0.47383,0.79196,-0.83962,-1.61174,0.97065,0.45201,0.65882,1.54094,2.11924,-0.03685,0
0.6686,-2.09184,1.85627,9.15663,-0.79353,-5.946,5.36071,1.40692,0.00688,0.71093,2.23515,3.91804,0
-0.13427,-3.90141,-1.76897,5.92478,4.40149,-2.70941,0.58482,1.41992,0.41191,0.85789,-0.37097,2.20493,1
-2.6121,1.88308,2.49982,3.97972,1.49314,-4.13612,1.93324,0.7576,2.39007,0.05736,1.32397,2.38405,0
1.44052,-3.77017,-0.69597,6.54917,0.99653,-2.40237,2.35244,0.77418,-1.28429,-0.12296,0.43548,2.37188,0
-1.0393,-1.13606,-1.11125,6.92284,-2.37181,-4.71698,1.98423,2.11346,-1.34523,1.52564,-1.01157,0.47815,0
-3.00817,-2.97027,-5.53519,5.12812,8.42003,0.26474,-4.16103,1.67713,-0.32875,-1.67814,-0.69024,1.10705,1
-1.58517,0.4849,-0.50254,3.12115,-0.75639,-2.30921,0.04908,1.23226,-0.21091,0.15997,-1.01677,-0.26692,0
-0.88412,2.53859,0.78764,-2.6949,-2.2534,-2.0457,-2.1775,-0.73802,2.68274,0.3202,-1.86321,-3.67896,1
-0.0916,-2.99626,-4.3655,3.43325,6.59999,-0.19761,-2.26439,1.34987,2.27246,-1.91548,3.56956,-0.23339,0
2.04504,1.44792,4.85374,-3.64856,-1.31198,-0.06981,1.15405,-4.04454,1.66766,-0.86417,0.4872,1.0858,0
-4.0051,-0.06163,-1.06743,5.84763,0.33496,-1.26965,2.83328,1.97645,-1.56683,0.9559,1.00333,1.31116,0
0.78699,-3.05713,-2.15347,4.15879,2.20111,-0.07492,-0.80602,1.18558,-0.93501,-1.87096,-0.95657,-0.04576,0
-0.32448,4.35323,1.80179,-5.6161,-5.1948,0.33808,-1.50325,-0.14714,0.09145,0.81503,-2.46731,-2.70046,1
-1.21832,0.28816,-0.32015,1.3086,0.01667,-2.29507,1.78573,1.4527,0.88695,2.98298,1.64229,1.0647,0
0.10431,-2.80966,-2.78135,1.33187,-3.00218,1.75212,2.87505,-1.25637,-4.15413,2.85725,1.41409,-0.15213,0
0.47564,-0.74793,-2.97047,-1.0506,3.39289,2.06081,-3.1241,0.133,0.80636,-2.20084,1.90563,-1.09755,0
-4.10406,0.79987,-1.55641,0.67522,6.74075,0.892,-3.18938,0.38168,0.35761,-0.63396,-1.1618,2.3072,1
2.35412,-2.42698,2.64951,3.56305,3.05394,-1.84543,1.48392,0.69045,1.44719,-1.70033,-0.7833,2.85393,0
-0.88937,0.36102,-1.19494,0.58895,0.35525,0.41825,0.01316,1.35831,-1.09755,0.59718,0.59517,0.92948,0
-1.94376,2.67932,-0.01696,4.06471,-3.86287,-1.17299,1.76269,3.03421,-1.64695,-1.75705,1.33506,-0.47814,0
-0.99263,-2.1069,-1.80765,2.336,2.53652,-1.25283,1.41594,0.63143,-0.65791,3.44347,1.14368,2.75478,0
0.29926,-2.34371,0.06893,4.87918,1.81993,-3.73432,0.19464,0.44472,2.66767,-1.05446,-0.79091,-1.14723,1
1.07888,1.68889,-0.3881,-4.08554,-0.07944,0.58285,-2.08049,3.32513,1.62494,0.90456,-0.8129,-1.27473,1
0.28473,-4.63725,-0.19398,6.1182,10.62074,0.2661,0.44327,3.25525,4.31077,-4.0802,1.85627,1.84687,0
4.62614,-4.22155,0.02448,3.61033,3.99887,-2.2992,0.24312,0.62169,1.81724,-1.53575,1.60057,2.70981,0
1.82599,-3.41145,-6.59319,-3.43252,5.81721,2.21754,-3.36989,5.29303,1.83201,3.7762,1.70891,-1.07915,1
1.05406,-2.08345,0.41025,5.13757,-1.33657,-3.41794,3.09948,-1.05136,0.07726,0.23619,2.2331,0.97396,0
-2.90883,-1.90879,-2.18816,3.32556,2.40751,-1.86568,2.06412,0.43533,1.0376,3.44752,2.10308,0.26068,0
-1.56537,-0.04679,1.4123,5.36117,2.21462,-5.66687,2.32904,0.36305,2.64286,1.42876,2.18406,3.06011,0
1.17989,2.23307,-0.38517,-6.88499,-0.98508,1.6422,-2.64371,1.13434,0.20786,2.27709,-1.2097,-0.46691,1
3.12222,-0.95632,-0.08297,4.6089,-7.42933,-2.66745,3.87229,3.55674,-3.08718,0.80066,0.21876,-0.27908,0
0.80117,-3.81461,3.08362,5.45874,4.20282,-1.16028,3.09289,-0.47436,2.91561,-2.89961,-0.15755,0.65604,0
0.22645,-4.72555,-1.87136,6.01322,4.53762,-0.59055,0.10792,0.00176,0.58917,-2.26182,-0.16202,-0.18282,0
-2.13698,1.2029,-3.46628,-1.74827,0.07719,2.90822,-2.38259,2.76217,-1.95064,0.44044,-0.97152,-1.65222,0
-1.50641,-4.10661,-2.71065,9.63195,4.0039,-3.02548,0.65085,0.91623,-0.35034,-1.68502,0.25437,1.06278,1
-3.03217,-1.22478,-3.76135,8.96657,0.75353,-2.76287,-0.98132,-0.64486,-0.99348,-3.83303,1.62479,-1.66625,1
1.25691,0.4744,-1.03777,-5.91183,1.41581,3.55701,-2.08441,2.07734,-0.55831,1.80111,-1.14417,0.51827,1
-3.66031,-0.20142,1.41618,2.1449,2.98769,0.40779,1.70393,-1.18452,1.42882,-0.56587,-0.00678,-0.05395,1
-2.20144,-0.10001,2.15494,1.53069,3.87433,-1.57163,1.10272,-1.66579,2.05773,0.56541,0.11611,2.40437,1
0.59728,0.52912,-1.41491,2.10938,-1.35,-2.28397,-0.83314,2.96342,-0.67641,0.29084,-0.39568,0.36714,0
-0.84304,-1.56202,-0.14112,6.35515,1.96043,-4.27876,-0.41322,-1.15984,1.82302,-2.32295,-0.20895,-0.30598,1
-0.66628,-1.02211,-2.77286,2.24062,-2.68154,-0.52169,1.87448,0.46618,-1.55659,1.86337,2.50751,-1.3335,0
-0.26385,1.16596,0.13473,3.08196,-4.99676,-1.37055,2.97622,2.2507,-2.90168,0.92222,0.72908,0.86009,0
2.74781,1.8756,-1.8681,-4.15103,-3.26979,0.8917,-3.23633,-0.03075,-2.40417,0.04699,0.16912,0.18031,0
-1.6614,-0.85283,0.78909,2.23202,8.89433,-1.20025,-0.5971,0.36187,3.29767,-0.63057,1.73901,4.5167,1
-2.51551,-1.051,-4.16256,0.00733,4.80573,2.13676,-2.84148,2.2019,-1.30667,1.271,-1.21174,0.81144,0
1.36854,-3.24923,-4.6433,0.79292,0.507,1.8925,-2.58641,-0.46172,-2.31444,-0.83535,-0.70635,-2.07772,0
1.37987,-3.2838,-4.44102,5.56205,-3.09809,0.11829,1.87401,3.47602,-4.29893,0.42917,1.02329,-0.65887,0
2.84263,-1.48935,0.3112,2.90391,-1.99357,-2.86063,0.72188,0.54161,-1.93581,0.67192,-1.345,2.46862,0
-0.70025,-0.03064,-6.67176,4.35831,-1.10661,-1.95329,-4.50221,1.38879,-1.99695,-2.31276,1.36418,-2.56905,1
-1.57514,-0.42887,-0.1383,1.68548,1.56579,0.42114,-0.01978,0.66751,1.2994,-1.59582,-0.40267,-1.84798,1
0.87598,-0.21064,-2.50403,1.55058,-2.84309,-0.22462,0.03519,2.53137,-2.10585,0.30361,0.64705,-0.82841,0
1.56205,-1.53221,-2.46372,1.12719,1.18451,-1.20275,-1.69239,-0.83626,-0.08768,-0.25377,1.64639,0.50189,0
1.41635,-1.26085,-2.15142,0.19897,3.30247,1.54659,-2.53413,2.24036,-0.70966,-1.57293,-0.41838,1.18935,0
-4.90362,-1.50846,-2.70606,9.55586,9.82893,-2.41064,-1.72719,-0.66716,1.1071,-4.11446,3.04181,4.02097,1
-0.66676,0.63438,2.59003,7.55397,-0.24275,-4.03516,1.42423,-0.45069,0.4779,-4.58907,0.45722,1.59016,0
4.35568,-2.61394,1.26936,2.26382,0.59869,-1.38371,0.50302,0.99595,-0.2831,-1.35355,-1.07697,2.33088,0
-1.79749,-1.53953,-3.45784,2.6082,0.08346,-0.02628,2.26734,0.99038,-1.91599,3.28088,3.2883,0.98707,0
-1.70234,-2.32495,-1.17901,4.33738,2.7725,-1.33956,1.59525,-0.34408,-0.28048,1.16885,0.93476,1.76171,0
-3.95583,1.48622,-0.66569,3.6092,0.47309,0.05384,0.97766,4.08476,-1.3413,-0.03465,-1.14129,0.53393,0
0.8159,-1.95398,-3.33643,-0.13595,-2.22845,1.54222,0.90728,0.76846,-3.47833,2.87699,0.62613,-0.06059,0
-1.75813,0.86474,1.74326,7.07458,-1.54163,-4.95672,3.8511,3.12044,0.55916,0.38005,1.04002,1.86744,0
0.63977,-0.66582,5.32377,2.07324,4.34102,0.43328,2.48621,2.61523,2.18838,-2.58003,-2.22297,3.21543,0
-1.2203,0.28941,-3.03679,2.60413,-1.08449,-1.41436,-1.80411,1.53937,-2.17721,0.31261,-1.14678,-0.22111,0
-0.88689,-3.5606,-2.70645,7.75346,4.06115,-3.88744,0.39623,1.52333,1.89907,-0.56684,1.55634,0.07848,0
-2.57406,3.12632,0.85045,3.89937,-5.71898,-3.73388,4.69773,4.01321,-0.0547,2.40877,2.74943,-0.47357,0
0.31479,-3.49605,-4.48792,2.04798,0.63229,1.07585,0.1617,-0.75275,-2.1158,1.22064,2.11435,-0.63415,0
-1.38529,-0.96055,-2.48759,2.97338,-0.82108,-1.01245,2.38464,2.09796,-1.75189,3.19876,2.10446,1.14907,0
-2.60723,-2.21756,-4.32775,6.59969,3.24838,-0.2448,0.72942,2.5557,-0.99747,-0.73502,3.02354,0.40212,1
3.21207,-0.22623,0.46165,-2.59891,2.00504,0.73646,-1.75955,-0.61351,0.40362,-1.03439,1.01647,2.38999,0
-0.20983,-3.03602,-3.10917,4.83467,4.11166,-2.48223,-1.12301,-0.09674,1.93639,-0.97251,2.13505,-0.44768,0
5.1663,-1.48787,1.88276,0.53024,0.17143,-2.19263,0.34642,0.05034,1.178,-1.15681,1.05509,2.4507,0
0.34336,-2.43499,-1.69469,0.50429,2.30393,-0.37828,-1.60504,1.16252,0.62436,1.08069,-2.81372,-1.02426,1
1.36053,0.17847,0.77167,1.56028,-1.34816,-2.25052,0.46846,0.62905,-0.49133,0.1996,-0.24409,1.62307,0
-0.27711,0.03793,0.44542,-3.29609,-0.55362,4.1207,0.65418,-0.45361,-2.08092,0.6195,-1.17789,0.01483,1
-0.19132,-3.17534,-1.34848,5.23803,3.69672,-1.86946,0.53572,0.37914,1.73897,-1.24904,1.25011,-0.08951,0
-1.58242,-1.94989,-2.66897,3.884,0.43692,-2.31238,2.90657,0.02772,-0.30126,3.63641,4.0262,1.19235,0
-0.07034,1.57774,1.83365,-2.39331,-0.75684,3.11216,0.71201,0.54303,-0.64538,-1.53411,-0.11454,-0.04649,0
0.09595,-0.91905,-3.99027,2.08868,2.89137,-0.31202,-3.05275,2.8099,-0.87483,-0.6891,0.24731,0.84983,0
-2.96986,0.5499,0.89144,5.03138,1.14405,-3.00344,2.87646,2.66874,0.47822,1.45834,0.60531,2.42255,0
1.15451,1.75271,3.62502,-0.74279,-1.15462,-2.83419,1.55506,-0.45213,3.05739,0.10869,1.34707,0.66087,0
0.11393,4.33091,0.70464,-3.7142,-4.76611,-1.9781,-0.90634,-1.7735,0.43887,1.19039,2.21455,-0.60707,0
-1.48576,-1.12467,-0.09408,5.57311,0.6968,-1.99899,2.46765,-1.26784,-1.76711,0.07007,1.77417,3.20362,0
-0.41851,-3.20822,-1.0674,7.97947,6.33329,-3.1773,0.63808,3.78769,1.39851,-1.15689,0.34778,3.37624,0
0.45158,1.1108,-0.30648,-0.61447,1.8554,-1.94384,-1.16042,0.03769,2.52242,0.01646,3.03579,0.97631,0
-1.72966,-3.41256,-2.57097,4.76228,9.73698,0.07032,-1.60116,2.69546,1.50172,-1.12447,0.07064,2.96971,1
0.07219,-2.32292,-3.65244,1.81524,5.24506,0.2842,-3.37145,0.24377,-0.97383,-0.625,-0.29705,2.11738,0
1.06224,-3.64739,-0.22678,5.75721,4.49949,-2.4239,0.97312,0.7953,2.02339,-1.57978,1.0867,1.47697,0
0.86779,1.55706,-0.04955,-4.70593,4.53993,1.88362,-2.39649,2.54263,2.40265,0.12577,1.57995,1.90008,1
-0.55489,-2.15535,-0.4288,3.66687,4.77642,-2.26722,0.38725,0.49593,1.53784,0.62668,0.70031,2.61947,1
-1.47701,0.08678,-1.83971,1.49205,0.17294,0.81716,-0.0988,2.38299,-1.73136,0.3532,-0.42082,0.2234,0
-2.05899,-0.35517,-1.58654,1.3109,3.52782,-0.96106,-1.26296,-0.81706,0.84535,0.53814,0.88674,1.01006,0
-1.71208,-1.0623,-2.96035,3.67765,3.86164,-1.56612,-0.82507,2.29598,-0.00896,0.91172,1.20006,2.00406,0
-2.60189,2.53501,-0.99399,0.82877,-0.94876,0.68694,-1.14398,1.67525,-0.63099,-1.86762,0.03962,-1.53895,0
0.09314,0.79116,-0.22755,-4.1045,-0.88475,2.33226,0.37882,-1.70688,-1.24817,2.04223,1.55868,0.84397,1
-0.10964,0.64157,-3.26249,-3.13056,7.03846,1.98105,-4.52768,0.70675,3.74206,-2.16168,4.83889,-0.19333,0
1.29334,-3.72398,-2.20323,4.6188,0.01581,-2.11832,2.20663,-0.60725,-1.75037,2.00436,1.95628,1.95143,0
1.03185,2.11942,0.73865,-0.06948,-3.24118,-1.96214,-0.32568,2.07093,-1.60289,0.85601,-1.45154,1.66088,0
-1.26036,-0.19951,-6.98014,5.46636,-0.45688,-6.70495,-2.98499,1.52854,0.07704,2.58647,3.56049,-0.41141,0
0.10192,-0.89938,-1.07356,-1.35673,1.18285,2.49638,-0.86387,2.10205,-0.25717,-0.09878,-1.69554,-1.34258,1
-0.4465,-0.55108,-1.81857,-1.16667,2.92073,0.07658,-1.17078,1.22358,2.54177,0.96912,1.60114,-1.20929,1
-0.96571,-4.105,-5.11727,7.82421,8.41377,-2.30761,-2.05883,3.9113,1.97708,-1.73633,2.20503,1.26426,0
-3.02497,0.30012,-2.6222,0.76926,3.76892,-1.24079,-0.88349,1.48822,1.64989,2.45033,1.99551,0.69972,0
-1.46865,3.00631,3.90208,-2.36506,-2.84921,1.9871,1.15182,-1.16576,-1.21243,-1.18196,-2.57583,-0.09496,1
-0.76791,1.99942,1.85999,-4.38376,0.85786,2.26529,0.04472,2.24787,0.28347,1.75849,-1.90806,1.14308,1
-2.3817,-2.48464,-0.37695,6.94381,7.0289,-2.2244,0.42354,-0.11249,1.72001,-1.90859,1.05887,2.88339,1
0.54947,0.53551,4.44164,-2.52812,0.52844,-2.36709,1.08797,-2.30317,3.52563,1.86832,-1.71428,0.60084,1
-1.99628,-1.1332,-1.60167,3.65682,1.65226,-1.03592,1.27159,-1.69691,-0.83676,0.60491,2.75037,1.70734,0
0.73185,3.13763,-4.19462,-7.11057,2.17478,4.11641,-6.60337,0.02773,-2.20494,-0.74129,2.0147,1.79641,0
-0.87935,-0.30634,-0.02736,1.9757,0.50252,-1.58189,0.55695,-0.5739,2.05445,-0.70167,1.43945,-1.54117,0
-2.17345,-0.10863,-3.27256,1.01346,-0.60889,1.34698,0.39069,1.51212,-2.4566,1.71805,1.12173,-0.27704,0
4.90709,-3.95636,-0.92982,3.24309,5.93166,-1.83399,-1.50023,2.20533,1.10038,-1.72085,0.99472,4.51052,0
-2.48896,-0.36696,-3.42878,3.16759,4.62108,0.93055,-1.73898,1.58304,-0.50995,-1.77095,2.21759,1.19915,1
-3.91275,-1.77984,-2.53377,2.52358,5.41235,1.67749,-0.3333,-0.06046,-1.20624,0.88487,-0.2814,1.76676,0
-1.33143,-0.27998,-2.61436,2.8437,1.00833,-0.80698,-1.68123,0.33031,-0.43866,-1.34258,0.54796,-0.77219,1
-0.46596,0.4709,-2.04277,2.99192,0.06822,-0.38405,0.91939,2.20402,-0.71165,-0.84943,4.22809,1.05385,1
1.60819,-4.06271,-1.04555,3.0509,4.20384,1.90073,-0.91312,0.58304,-0.47111,-3.20311,-1.7298,0.17182,0
-1.26667,0.13711,-1.59476,-3.64144,1.39753,1.75161,-0.98884,0.6957,0.53452,2.88932,-0.33752,-0.92002,1
1.94216,1.46283,0.53931,0.2847,0.97844,-3.98797,-1.15166,2.62682,2.7612,0.39875,1.66625,2.01121,0
-1.8019,0.64845,0.33335,3.13675,-0.89849,-2.56416,2.65325,0.109,0.21044,1.49246,2.47232,1.28041,0
-0.71122,-1.36696,-5.75072,2.08693,-4.87061,2.77925,2.28449,3.51207,-5.70332,2.64036,2.47888,-1.57047,0
1.57652,-4.07155,-3.08488,4.17294,0.578,0.67414,-0.05782,-0.71011,-3.27927,-1.08921,-0.12105,0.66203,0
-1.41686,-2.8004,-1.98673,6.08065,0.46382,-2.79412,4.08424,3.43121,-1.01254,4.14442,1.33791,1.98707,0
0.28756,0.4879,-5.17842,-1.9117,3.66811,1.45752,-5.15623,1.99326,0.49923,-1.22463,2.67433,-0.56103,0
-1.01946,-0.02827,-2.79969,-4.97792,3.42855,1.26415,-2.68418,2.15817,2.03158,4.04565,-0.55135,-1.08017,1
1.99975,-2.70675,0.08035,3.67032,5.13249,-1.69924,-0.22624,3.45996,3.30516,-2.06392,0.41756,0.8769,1
0.63959,-0.34561,0.59692,3.3407,1.55557,-2.41965,-0.00349,2.82605,-0.4095,-0.1069,-1.56192,3.21763,0
-3.77147,0.12952,-0.49907,4.60939,1.73665,-2.06532,2.72627,2.83667,0.08896,2.35199,1.04384,1.99703,0
-3.8852,0.9311,-3.8343,-0.59204,0.50454,2.06886,-0.25593,2.37693,-1.34926,2.56984,1.32026,-1.21131,0
0.38726,-3.2151,-0.74623,6.35917,-0.4282,-2.13659,3.79541,-0.9303,-2.37773,1.04911,2.1537,2.91007,0
-2.77342,0.71165,-2.03778,-0.16307,0.54557,1.03246,-0.28753,1.7345,-0.48336,1.47589,0.0661,-0.98204,0
-0.90586,2.39181,1.99586,-6.14793,-0.47617,2.7049,-0.85886,-0.00655,-0.37722,2.00537,-3.15873,0.23509,1
1.21927,-3.05806,1.57852,1.69073,11.20226,1.82283,-0.60183,0.82027,4.69828,-4.40824,2.43731,3.25735,0
1.72288,-1.91681,-1.22097,4.88991,-2.77103,-2.49855,2.36464,2.04894,-1.51823,0.48928,1.19232,0.34624,0
-1.91063,1.51233,-2.97171,-2.86883,-0.44253,3.67557,-2.1447,1.35199,-2.28649,0.25158,-0.31604,-1.47084,0
-0.88274,0.54363,-3.45887,-0.1768,-2.04514,0.71657,-0.47179,3.47421,-1.7674,1.94664,0.42875,-1.49908,0
-1.03078,-0.41984,0.6942,1.08624,2.23426,-1.7326,0.62218,-0.45589,2.02695,0.95052,0.5062,0.71754,1
-0.48788,0.72329,-0.49631,2.13253,-1.97465,-1.89094,0.14036,1.33729,-1.09889,0.44063,-0.71903,0.23747,0
1.14852,-1.10152,-2.16316,0.44426,-2.59241,1.15666,0.40835,1.95988,-2.47039,0.73605,-0.34584,-1.08799,0
2.77749,-2.92286,-3.17783,1.57775,-0.01557,0.58585,-1.65113,-1.25673,-2.70023,-1.15926,0.48421,0.46959,0
0.19131,-2.71205,-3.33644,0.40685,1.24442,0.56164,1.07876,0.26781,-2.02178,4.03364,1.87744,1.96666,0
-0.24021,-1.63632,-1.75807,4.0287,2.8833,-0.6351,-1.79328,-0.71017,-0.90755,-2.68809,-0.20148,1.11456,0
-0.76008,-0.6413,-2.9735,2.83843,-4.62738,-0.55803,4.15344,5.58208,-2.40927,4.34124,2.03364,-1.07962,0
0.56973,2.77088,0.93145,-6.28965,-1.58275,2.34991,-1.86136,1.67205,-0.42068,1.31092,-2.48205,-0.40791,1
-0.71713,-0.7806,-0.41804,-0.73886,1.57475,1.79876,-0.06107,-0.14356,-0.13537,0.15144,-0.46738,-0.28491,1
-2.26088,-0.679,-3.54171,0.3786,0.78761,2.21513,-0.02155,0.60427,-2.79039,1.89876,1.03413,0.48583,0
-0.69929,1.56286,0.08714,-5.54625,0.67177,4.02578,-0.73615,1.40083,-1.19727,1.94415,-1.26252,0.80048,1
1.35142,-0.92165,-7.39509,-0.04823,3.30724,-0.97404,-5.57821,0.73202,-0.253,0.19557,4.33844,0.48654,0
-0.05452,1.67501,-3.20222,-4.80346,-0.42263,0.43613,-4.37754,1.44813,1.50587,1.30873,-0.4692,-3.59541,1
-2.30055,1.11162,-0.41586,4.7826,-0.94785,-4.76933,3.91181,2.9779,0.72477,3.76165,4.14294,2.63632,0
-1.4334,2.48003,0.19633,-5.53307,0.01131,-0.10133,-1.62651,0.47446,1.99752,3.60471,-1.18317,-1.04507,1
-0.34824,-0.15773,-3.24151,-3.16508,2.52736,1.27608,-2.54484,2.14836,1.79814,1.70548,0.98336,-1.91931,1
0.01262,0.45193,0.28864,-0.17504,1.80374,1.88898,-1.06201,2.23631,-0.84086,-1.74002,-1.58121,1.18199,0
-2.38986,-3.09863,-3.85286,3.47741,1.96595,0.04979,2.77676,0.32653,-1.70742,4.13144,3.13413,1.43891,0
1.50487,-0.99729,-0.62471,-3.88432,-0.04278,4.22542,0.73192,1.83806,-2.03695,1.94981,-0.56065,0.70149,1
-0.0652,-0.76524,-3.16611,-1.61427,1.52635,2.86067,-3.43992,-1.43504,-1.82222,-1.42584,-0.51636,-0.98309,0
-1.15755,0.11351,0.97221,4.85806,-0.28864,-2.00646,1.45785,-0.8349,-1.34923,-1.52054,0.3154,2.19138,0
0.76786,-3.12071,-5.40033,-0.32351,1.93244,2.15462,-2.50721,1.60548,-2.48835,1.75067,-0.82932,-0.4938,0
1.67167,-2.24259,-2.21036,1.21425,3.59449,-0.74589,-1.55175,-1.30405,0.97413,-0.8069,2.81427,1.26818,0
-1.23458,-2.43833,-2.39247,3.39763,6.1234,-1.43225,-0.98509,-1.4781,3.0876,-1.15243,3.67929,0.14308,0
1.91176,-0.13757,1.54854,0.80073,3.99482,0.12754,-0.88819,3.86816,0.24764,-1.62001,-1.5577,4.18405,0
-1.56808,0.78917,-2.66128,1.38934,-5.1478,1.12367,2.56923,5.18224,-3.00836,2.47493,0.43804,-2.31397,0
-0.66716,-3.26775,-1.60641,5.80717,3.79255,-1.41129,0.37664,1.02465,-0.29772,-0.66675,-0.52514,1.49294,1
-3.16539,2.05326,-1.30161,2.06304,0.39864,0.14057,-0.90765,2.61157,-1.16592,-0.88661,-0.51546,0.15692,0
1.96073,-1.6777,0.07177,0.30622,1.93377,-0.42986,-0.20415,-1.81776,1.29452,-1.03097,1.86611,0.68497,0
-4.00806,0.66025,-1.61046,2.99982,3.7908,-0.55602,-1.2392,0.35091,1.06133,-1.25444,0.8677,-0.06691,0
2.92451,-1.20265,-5.80453,3.74556,-3.11988,-4.60767,-3.34584,3.17213,-3.40031,1.85052,-0.55089,0.9232,0
-0.78266,-1.80384,-0.15053,5.03171,0.83485,-1.67696,2.20795,-0.45824,-0.54736,-0.30221,1.19643,1.38708,0
-1.00875,-1.04295,-1.95396,3.649,-2.06511,-0.87015,3.05652,2.98881,-1.45193,2.18935,1.7159,-0.319,0
-1.22894,2.69975,-0.63513,-5.7321,1.52465,3.52107,-2.6764,3.12485,0.42397,0.72025,-1.45637,-0.7377,1
0.90153,1.06864,2.06355,2.62576,-1.55739,-2.64906,0.56181,-0.61438,-0.16682,-1.89401,0.12293,1.66671,0
1.58634,-3.25095,-2.14783,3.70484,6.48561,-1.13761,-1.27872,1.22542,3.14908,-2.53237,3.31997,0.80895,0
1.4086,3.23386,1.15621,-8.82956,-3.69296,5.66063,-0.36227,-0.73346,-3.58518,1.50659,-0.14313,1.29731,1
0.42321,-3.91836,-2.01788,4.68066,-0.19711,-3.65408,4.06338,-1.28322,0.17156,4.29916,4.06514,1.25761,0
3.883,-3.08869,-1.07325,3.49331,0.52161,-3.1386,-0.61808,-0.34848,0.67626,-1.23024,0.88726,0.59885,0
-2.96577,-0.26381,-1.27795,0.18323,2.78284,1.33843,0.33511,1.34548,-0.39242,1.97838,-0.39183,0.79541,0
1.21062,0.02118,-4.76905,0.60045,0.42529,-1.6328,-3.69193,2.34653,-0.06858,0.01107,1.91305,-0.6789,0
-0.3226,-2.17928,-4.91836,3.96408,4.14979,0.08842,-2.72769,2.91356,-0.89612,-1.50439,0.9291,0.50126,1
0.94074,-1.25618,-1.37406,1.4041,-1.37761,-1.54965,-0.2524,1.1508,0.32618,0.56888,-0.75379,-1.94811,1
-0.12447,0.18903,-2.26915,2.4588,-1.14592,-2.06698,-0.85914,1.67827,-2.24243,1.1992,-0.29113,1.59848,0
-1.12007,-1.26234,0.05425,5.8036,-0.17505,-2.92425,3.24094,0.70309,-0.42073,0.84312,1.63539,1.74163,0
2.18294,0.88118,0.76755,-3.1644,3.87685,2.71654,-2.27364,3.01678,2.09446,-3.04044,0.7341,0.81849,0
-1.78857,-4.28818,-4.16984,5.33348,9.71122,0.736,-1.65284,3.39146,0.36422,-0.59928,0.15723,2.79978,1
-2.49375,-1.47932,-0.36338,5.08572,4.60675,-2.7839,1.70543,0.2857,0.66516,1.64824,1.47279,3.91617,0
-2.81731,-0.68937,-3.54868,10.06223,1.11885,-3.06661,1.35888,1.27499,-0.5417,-3.34497,5.625,0.33139,1
0.37267,2.69122,3.4661,-2.42557,-4.08088,0.00439,0.76754,-0.98731,-0.24399,-0.57759,-1.82488,-0.67494,0
4.51395,-0.68783,3.85247,-2.29483,4.42647,0.89538,-0.36479,0.89284,2.42079,-2.47238,0.13587,3.98968,0
-0.86086,-0.70095,-1.66064,3.72447,-0.72566,-0.8778,1.23903,2.09986,-0.85842,-0.02625,1.06984,-0.41719,0
1.95989,-0.05374,-2.32541,-1.67739,2.90607,0.74665,-3.75014,1.14557,0.4343,-1.47573,1.08943,0.86504,0
-1.64189,-0.94818,-5.64568,3.73607,1.42788,-2.00046,-2.61322,1.53481,-1.70971,1.15042,1.05132,0.33543,0
2.84783,-3.17009,-3.01049,0.37035,-1.37354,0.75445,0.47032,2.07306,-3.11741,2.71197,-0.6502,0.77506,0
0.7582,-0.7319,-1.2586,2.98769,1.53464,-2.78297,-0.39132,1.55901,1.80286,-0.54839,2.1648,0.34513,0
-1.00512,-1.26079,2.14688,6.29791,0.49261,-3.30635,2.84949,1.91034,1.15783,-0.81432,-1.6017,0.52902,0
-3.03652,-0.10455,-0.22654,3.33458,2.95955,-0.47274,0.46719,-0.5668,-0.36496,-0.4989,0.36429,1.89639,0
-0.3776,-1.9667,-2.4718,-3.22184,3.14713,3.10945,-0.82042,-0.06473,-0.46824,2.82385,0.01655,0.17415,1
-0.52667,1.58555,-0.37159,-0.56297,1.48552,0.56006,-1.82532,2.81318,-0.69511,-0.48109,-1.27554,1.69994,0
-1.49739,-2.26455,-1.9995,4.39723,8.78199,-0.3512,-2.92895,1.37861,1.93231,-3.10895,-0.15781,1.93622,1
0.06688,-0.52311,-2.37481,0.36512,4.45971,-0.19619,-2.19294,0.35156,2.76412,-1.5925,3.75374,-0.26781,0
0.52382,-1.5077,-2.00043,3.69276,-1.1448,-2.05375,0.97687,1.58607,-0.59683,0.66822,1.19307,-0.33422,1
-1.35636,-2.47272,-7.05048,7.03183,2.7764,-1.22749,-3.13448,2.48701,-2.50389,-1.81404,1.27062,-0.09846,1
2.83726,-2.79124,-2.14102,2.30209,3.93031,-1.5087,-1.43229,1.23013,1.50689,-1.02154,2.23459,1.47681,0
0.42414,-1.18723,-5.75025,0.98295,0.29151,-1.23251,-3.54168,-1.17402,-0.58853,0.10734,2.78378,-1.72286,0
1.47108,0.89734,-2.8718,0.2192,-3.73365,-4.39233,-1.25764,-0.96876,0.46978,2.14783,3.48302,-1.02467,0
-2.71663,-0.63352,-0.17613,-0.398,6.11176,1.53275,-0.08731,2.0726,2.8326,0.69839,0.04041,0.24234,1
-1.58081,2.19765,0.20792,-3.27441,0.50674,-2.00841,-2.28416,0.99874,3.06456,2.53098,-2.06568,-1.73625,1
-1.93231,0.08916,-1.45021,1.94525,2.20321,-1.15157,0.17566,2.0031,-0.6827,2.14821,0.43342,2.63925,0
-0.35916,0.78127,4.63843,3.85437,-2.55667,-3.08591,3.5412,2.18669,0.83118,-0.4889,-3.07562,0.45214,0
-1.15475,-1.86219,4.18731,2.82432,7.64035,-2.78016,0.46967,-1.82176,4.86083,-1.13598,-2.07069,2.74614,1
1.07076,1.40296,-0.55537,-5.80593,0.57614,3.08041,-1.89454,1.43539,-0.25505,1.15588,-0.12252,0.34884,1
0.83007,2.22547,-0.41743,-1.79234,-0.7242,-1.25239,-1.57976,0.91209,0.06402,0.65113,1.29369,1.50992,0
1.05534,-4.81829,2.04119,5.30015,10.87344,0.50344,1.66651,1.77952,4.31254,-3.87518,1.56323,3.55748,0
-0.04891,-2.32996,-2.94085,4.66312,1.91453,-3.63302,-0.31098,-0.4337,1.84959,0.10946,3.02397,-0.68263,0
-0.76555,-2.17274,0.54833,4.8588,2.8968,-1.2588,1.50521,0.82853,1.25733,-1.4587,-0.15612,0.43336,0
1.7535,4.07751,3.48909,-2.44081,-5.65303,-2.88506,0.47942,0.49697,-0.93176,1.44173,-1.38357,2.14188,0
2.92048,-2.17942,-4.32822,1.3886,-3.85563,-0.49625,0.24247,3.26825,-1.88344,1.54475,1.52954,-2.37087,0
-0.43171,0.92234,-2.37415,-1.52337,-1.04337,0.38212,-0.80932,1.83971,0.09973,1.39389,1.5628,-1.55861,1
-0.86705,-0.4092,-2.62971,2.62682,-3.89117,0.76601,2.46051,2.15269,-3.69541,1.53231,1.53675,-0.48878,0
0.71577,0.33558,-2.28757,-1.36414,-1.82854,1.44575,-1.78459,1.03136,-1.54953,-0.44217,-0.28927,-1.7565,0
-1.00886,2.30498,-0.55092,-6.44532,1.12971,-0.01107,-3.71933,1.01236,2.07369,3.48581,-2.95919,-1.18759,1
-0.79146,-1.44184,1.67531,7.56575,-0.12495,-4.80424,3.8265,-0.02539,1.02077,-0.2877,1.40267,1.60871,0
-6.88817,-0.48849,-3.14535,6.33603,9.82918,0.47591,-1.55144,-0.864,0.32056,-2.47098,2.93359,3.38834,1
-2.87325,1.98936,4.28921,-0.91699,-0.51051,0.41441,2.04224,-0.59763,0.37209,0.67981,-3.41681,0.4892,1
-1.01856,4.94161,2.90618,-6.54939,-2.20055,0.44597,-2.03267,0.97744,1.12418,1.34493,-3.47015,-0.70487,1
-4.81384,-0.61288,-0.70838,9.97324,8.56918,-2.51554,-0.1947,-1.29208,1.68496,-5.46137,4.0683,3.85781,1
-3.291,2.60321,1.16286,-3.92267,0.15119,0.76851,-0.93851,0.89237,1.22518,2.50893,-3.39671,-1.47651,1
1.58829,-2.76842,0.31229,2.37574,5.16891,0.85288,-0.20928,1.20275,0.42855,-2.13478,-0.38212,2.70913,0
-0.87082,2.28558,1.94695,0.45971,-1.65074,-2.778,-0.20621,-1.79303,2.60165,-1.51936,0.81519,-1.73991,1
-1.46883,0.0637,-2.92727,2.22178,1.38631,-0.14204,-1.21494,2.02269,-1.07484,-0.14955,0.9305,0.51174,0
-0.56829,1.3813,-2.15103,-0.61594,-0.81185,-0.54664,-1.68803,0.73151,0.03549,0.22476,1.45372,-1.01774,1
3.42212,-2.24047,0.46688,6.63011,-4.85703,-5.24409,4.43287,3.46473,-0.62221,1.31042,1.12782,0.71106,0
3.7058,-1.26562,-1.12775,1.63188,0.01631,-3.36903,-1.06969,0.3682,0.84718,-0.18705,2.00124,1.42283,0
-2.24505,-2.3855,-4.84319,1.19805,-0.39864,1.29442,2.64385,1.79822,-2.36964,5.40817,2.77319,-0.43305,0
-0.75038,-1.21171,-2.47065,-1.77548,4.11932,2.55512,-1.21743,2.50377,0.33685,1.54151,0.11366,0.29748,1
-4.37424,1.36641,2.91454,6.89096,2.77677,-3.28401,2.79878,-0.49769,0.93742,-1.74449,1.086,3.55985,0
-1.63898,0.15271,-3.18765,1.806,-3.13497,1.18182,2.34248,2.80521,-4.00201,2.71495,2.04043,0.49773,0
-1.73266,-2.93746,-1.38019,7.89154,3.17974,-3.5107,2.54501,1.20711,-0.85897,1.56466,1.05663,3.7675,0
-0.43298,-1.99152,-0.07364,0.8821,8.32718,1.25548,-1.17252,-1.07905,4.00658,-3.04142,2.92522,0.93009,0
3.58042,0.34935,0.2388,-2.67232,1.29352,0.04279,-2.28629,0.54568,0.31844,-0.80825,0.58116,2.4159,0
-1.34193,0.18418,-0.21666,5.91635,-4.80924,-2.00732,5.04966,3.21823,-2.42492,1.23362,1.99044,0.29894,0
-2.92838,1.3342,-2.67224,5.19709,0.5775,-1.09765,0.17873,0.94646,-0.34662,-2.61603,4.82124,-0.05749,1
0.36796,-1.30382,4.81803,5.59937,1.73391,-2.45256,3.61147,3.34259,2.07496,-1.99979,-2.88343,1.72041,0
-1.04111,0.12625,-0.16718,4.39937,-1.19337,-2.35504,0.8766,3.00888,-0.30207,-0.43284,-1.34011,-0.40759,0
-2.81842,-2.95048,-3.6958,4.44293,1.84949,-0.17692,3.79204,1.68352,-1.90741,4.57894,3.40208,2.01111,0
-0.013,2.31663,0.35482,-3.16811,-2.06391,1.11795,-0.95817,0.56319,0.25996,-0.33508,-0.03018,-1.6329,1
-0.29221,3.73444,0.59378,-5.28444,-2.10881,0.49648,-2.46475,-0.26028,1.06673,0.22524,-0.42058,-1.74751,1
-0.41461,-4.32083,-2.36275,5.92226,4.1227,-3.19523,2.02109,1.43334,0.44593,3.07613,1.33314,2.74375,0
-1.64135,-2.34577,-1.33017,4.42757,5.02083,-0.17265,-0.05882,1.00604,1.71695,-2.00058,0.757,-0.27311,0
0.50412,-3.38572,-1.85974,3.46481,6.28217,0.24735,-0.95808,0.43089,2.39103,-2.7809,2.13496,0.06963,0
-1.3125,-3.13063,-1.72239,4.88177,0.64958,-0.22139,3.63309,0.09064,-2.15509,2.05861,1.77974,1.65351,0
1.43063,-2.92206,-2.85439,2.603,-1.09985,-1.27832,1.61815,1.65174,-0.98472,2.50609,1.55032,-0.28768,0
-0.8246,2.65045,1.35324,-2.76174,-2.38611,-0.2163,-1.29735,0.67138,1.13486,-0.08418,-2.52141,-2.60164,1
-1.39012,3.04617,-0.19364,-4.4423,-0.03653,-2.09017,-3.99501,1.12043,3.13957,2.08715,-3.04729,-2.59721,1
3.25897,0.05213,-0.65256,-2.80995,2.81218,1.92778,-2.78286,1.9525,-0.5427,-1.36122,0.35499,2.91612,0
-1.90004,-0.81495,-1.02662,3.97888,2.75119,-0.89109,-1.19786,-2.45964,0.8572,-3.31805,1.13565,-0.71766,0
-1.20834,-2.85252,-2.18667,5.8013,0.78013,-1.85198,2.76124,1.27537,-0.44465,1.42224,1.978,0.26051,0
-0.09392,-0.45586,0.81433,6.27531,-2.25045,-2.31855,2.39052,0.05291,-1.26858,-2.5625,0.92912,0.49795,0
-1.35421,3.74789,0.14491,-6.11,-3.47113,1.17144,-2.09948,-1.21653,-0.30385,1.81091,-1.4615,-2.25327,1
0.8127,-2.68381,-3.73444,4.32249,3.33546,-1.97688,-1.78322,1.76797,0.87411,-1.06909,1.63784,-0.05295,0
-0.72728,-0.51955,-1.82006,4.29767,-1.38391,-2.96135,2.05223,1.69766,0.16877,1.32492,3.08002,-0.15875,0
2.69566,-2.5523,2.77098,3.36971,3.4636,-0.30982,1.22264,2.31574,0.65569,-2.61846,-2.08471,2.98866,0
0.66997,-2.86242,-4.39714,5.33321,2.98094,-3.77749,-1.57346,0.88853,0.65027,0.2662,2.56352,0.87453,0
-1.45179,-1.41998,-4.68991,0.1866,0.1039,2.91509,-0.78936,0.3708,-3.2742,1.21093,0.91646,-0.9092,0
-2.30834,-3.66008,-1.69887,7.30588,4.67667,-2.63095,2.68402,0.12714,-0.46427,2.00327,1.65713,3.74421,0
3.49783,-3.76726,1.7294,-0.0355,7.59954,1.98274,-0.43519,-2.14676,3.23548,-3.92694,2.15634,2.28077,0
-0.33819,-1.89762,-0.89312,4.13968,1.88391,-3.31295,1.0067,-1.04625,0.95706,0.96767,1.93575,1.52922,0
2.69308,-0.18751,0.08405,4.24455,-3.31298,-3.18848,1.40113,3.80082,-2.1362,-0.02225,-0.3447,2.33592,0
-1.34268,1.8991,-1.04685,-2.91015,0.2284,-1.87936,-3.21724,1.73357,3.27773,1.71499,-2.06995,-3.39231,1
-1.81501,2.01939,1.41509,-0.8611,0.16944,-2.17231,-0.54739,1.15426,3.38367,0.74078,-1.20269,-1.95535,1
-2.73297,-0.75327,-2.37943,3.80723,3.46475,-2.10224,-0.8009,-0.3231,0.52416,0.4876,1.3742,1.12731,1
-2.92844,2.19434,-0.46495,0.67141,0.72206,0.15536,-0.14687,2.97389,-1.19531,1.0332,-0.78542,1.72528,0
-1.73506,-0.20369,-1.83607,3.03517,-2.38431,0.44039,1.87268,2.06107,-2.12299,0.40685,0.66744,-1.26502,0
0.60417,0.81348,-4.10419,0.56848,-3.53745,-3.58174,-2.05443,-0.93029,-0.83638,2.01127,2.80343,-1.11822,0
1.32341,-2.34132,-1.23488,4.05706,-1.07251,-1.17109,1.87558,1.20801,-2.00565,0.48762,0.59735,1.23124,0
-2.40177,-2.42665,-3.03747,2.87391,2.58572,-0.1068,1.51835,-1.1515,-1.06759,2.70344,2.5965,1.37638,0
-1.32488,0.02027,0.01864,3.49636,1.19383,-3.60554,1.68828,-1.10851,0.86608,1.48028,3.14354,2.72774,0
-1.79346,-0.58237,-5.0619,-0.29079,6.29805,-1.81065,-4.16477,3.65251,4.63419,1.82952,1.99295,-1.96791,1
-1.34994,1.01768,0.18553,-3.25688,2.67735,1.30892,-1.05192,2.32207,2.10775,1.50376,-1.14477,-0.5494,1
-4.28878,0.16735,-0.69841,1.44112,6.9576,-0.10862,-2.36039,-0.2717,1.0695,-0.04502,-1.73522,2.32228,0
0.51397,1.13206,-4.65609,0.25488,-5.2044,-3.12816,-2.25826,-0.83149,-2.43056,2.42433,1.89603,-1.34113,0
-0.67145,-0.5378,-1.02235,4.58614,-0.13769,-1.62246,0.9321,1.14828,-1.26637,-0.7285,0.93316,1.21013,0
1.96411,-2.95413,-3.39962,-0.04091,3.52161,-0.38868,-3.35772,2.3688,-0.31744,1.5345,-2.63983,0.7742,1
0.37944,-1.96471,-3.38595,1.72198,0.30386,-0.19061,-0.45793,0.53414,-1.07858,0.87997,1.34692,-0.47714,0
-0.85944,-1.88581,-3.84793,2.37394,3.93251,0.37084,-2.16642,1.17424,0.48207,-1.11863,1.28742,-0.75649,0
-0.44493,0.68982,-1.48986,0.21114,-1.06017,0.14866,-1.31746,0.15285,-1.35214,-0.45993,-0.23104,-0.4892,0
0.06248,-4.03581,-1.07547,5.84162,3.45158,-4.01845,2.34998,-0.50255,1.46183,2.1896,2.04514,2.29933,0
-1.81616,2.84861,-6.30685,-0.27834,-4.08208,-4.61549,-3.8682,-1.50881,0.0403,2.84761,4.46478,-3.00137,0
0.00743,-2.58244,-4.76802,1.28435,0.1414,2.32131,-0.84828,-0.24871,-3.74689,0.62672,0.89279,-0.19679,0
0.23949,-2.33198,0.34436,2.04057,3.2051,0.11582,0.31072,-2.0413,1.87497,-2.17082,1.06718,-0.53031,0
0.98542,0.58236,0.53592,-5.64802,-0.4116,4.75982,0.04754,1.28788,-1.91587,1.4954,-1.43137,0.7036,1
1.07247,-2.11656,1.02222,5.6819,-0.46044,-3.44328,2.09215,1.15589,0.26501,-0.61803,-0.96171,0.75563,0
0.51877,1.30535,-5.27492,-1.73252,-8.3063,3.3968,0.11243,5.33452,-5.31777,1.78355,0.54198,-4.36434,0
-1.91568,-0.87078,-0.86112,6.20898,0.62368,-3.27168,2.69903,2.20254,-0.17489,1.28773,1.74694,1.83779,0
-1.78912,3.17237,2.32667,-3.08608,-1.60941,-0.04351,-1.27616,0.13115,1.36233,-0.10238,-3.34067,-2.09,1
1.66215,-0.94816,-3.04808,-4.04936,0.79478,5.06111,-0.87188,0.92976,-1.93407,0.39056,2.58336,-0.12471,1
1.00344,-1.43594,-2.87568,2.62228,2.46072,-0.42614,-1.99492,3.98475,-0.62431,-0.85959,-0.56079,0.86275,0
-2.38379,2.16146,0.37842,0.03628,0.61555,-0.20298,-0.39168,-0.21871,2.33374,-1.70396,1.87518,-1.91501,1
2.92857,-1.39853,1.15505,2.32345,0.01604,-2.24548,0.44119,1.00189,-0.08744,-0.6109,-0.89719,2.13874,0
0.21632,-1.08262,-8.32704,2.54939,-0.46161,-0.30768,-5.11163,2.72176,-3.46486,-0.41802,0.67795,-1.72894,1
-2.71104,-0.71905,-0.78797,4.00188,3.68061,-1.30879,0.79033,0.28378,-0.77171,0.98085,0.59527,3.54814,0
-1.05455,1.92984,0.77211,-4.09061,1.87071,4.42319,-1.66838,0.51171,-0.20729,-1.90251,-0.90841,-0.199,0
1.46213,0.2414,-6.37908,-2.19184,0.36996,0.31177,-5.50497,0.4668,-1.29545,0.14122,2.51003,-0.96403,0
-0.84155,0.62084,-1.55926,-1.9765,-1.44965,0.66399,-1.14789,-0.13487,0.15141,0.9072,-0.29286,-2.76441,0
1.56972,-2.41341,-1.7389,5.9722,0.06708,-5.75812,0.65206,0.71046,1.05031,0.9749,1.76742,0.99457,0
1.4343,-0.73441,-2.45834,0.77783,-0.59943,-2.16322,-1.6039,-1.57302,-0.95087,0.90922,1.57139,0.98196,0
-0.32717,1.16491,-6.12001,-3.77719,-1.46907,1.35551,-5.31916,-3.19912,-2.32819,0.5769,2.4494,-2.14244,0
2.04664,-2.54115,3.91798,5.4824,0.38026,-3.29956,3.41293,1.03798,0.96365,-1.07508,-2.31798,2.14266,0
-2.52686,-3.35718,-0.73643,8.71427,7.16009,-3.03321,0.34705,-0.35431,1.51123,-2.23398,0.26366,2.61515,1
-3.50762,-1.04678,-3.52246,-1.05606,6.58087,0.9203,-2.09422,1.66795,2.87297,2.51235,0.80161,-1.02054,1
-0.14834,-2.38052,-0.81482,3.99825,3.31344,-1.66724,0.26272,-0.80126,1.24455,-1.03263,1.35367,0.78895,0
-1.33645,0.24886,-1.36514,3.1273,-1.27301,-3.06486,0.12989,0.2901,0.48666,0.58159,0.84299,-1.10077,0
0.83943,-3.39827,-4.86704,2.21361,6.80068,1.02524,-3.45267,0.96083,1.54508,-2.52323,2.79698,-0.37719,0
-0.57643,1.09432,-2.92672,0.1443,-0.79313,0.15087,-2.74597,1.26429,-2.09686,-0.35295,-0.53018,-0.19316,0
-0.21457,-1.70348,-1.22621,5.87738,-2.5586,-1.62474,3.31547,0.72996,-2.28309,0.1213,1.98586,0.44272,0
-0.13631,0.00868,-1.4208,1.39111,-0.60143,-1.71947,0.70344,2.85789,-0.96833,2.73048,0.34647,1.63543,0
-1.53028,-3.25755,-5.0774,3.24198,2.19721,-0.33341,1.09822,2.85702,-0.68172,3.72343,2.1243,-0.2755,0
-1.70803,1.46715,-2.76523,-0.70286,-2.84124,2.19298,-0.40724,1.94038,-3.18994,0.81062,0.14736,-1.23194,0
-2.31976,-0.42498,-1.78498,-0.99682,3.96496,0.92342,-0.53488,3.21486,2.52122,2.04986,0.15843,-1.32028,1
-1.42751,0.83905,1.96855,2.62607,2.58401,-1.4818,1.79705,-0.0209,2.50552,-1.52647,3.01495,1.63521,1
1.46448,-1.53263,-3.80678,3.10608,3.57379,-3.16437,-2.38513,1.97945,1.1583,0.12834,3.05559,1.92271,0
2.73936,-1.29416,0.41098,2.43176,2.2021,-1.48106,-0.84507,3.07686,-0.28308,-1.20419,-1.58355,3.15959,0
0.26132,-2.74319,1.44572,6.30764,2.53578,-2.69911,2.25565,1.44831,1.5511,-1.51088,-0.68311,1.07316,0
0.09227,-0.0815,-1.18402,4.34487,-1.56044,-1.5523,0.61525,1.3663,-1.99832,-1.23957,0.97286,1.02651,0
-1.16414,3.29447,-1.0905,-4.30531,-1.68203,-1.82558,-3.88158,-1.9153,2.4929,0.85835,0.11841,-3.35809,1
1.17569,0.94583,2.7169,0.97622,-1.97719,-2.36423,1.0589,0.87619,0.21997,-0.03723,-1.65742,1.25979,0
2.34783,-2.72497,-0.33836,0.54239,5.96077,-0.39074,-0.86348,-1.37385,3.74667,-1.89852,3.69043,1.11919,0
-0.76356,-0.94811,2.29158,3.78623,1.39033,-2.92892,2.07707,-1.08667,2.47097,-0.72493,0.31524,0.33713,1
2.23088,0.89358,-0.97059,-2.55154,1.20463,0.00656,-2.57752,0.61793,0.58358,-0.47935,1.61061,1.36451,0
0.14009,1.06986,0.3435,-3.8997,4.91665,1.60218,-0.91438,2.32854,2.21242,1.37705,1.89753,2.88294,1
-0.913,1.37123,-4.4209,-1.98857,2.65872,2.18212,-4.65719,1.37799,-1.65945,-0.74292,1.17337,0.81916,0
3.28307,1.05768,2.90017,-1.88592,0.97681,-2.37407,0.00653,-0.78392,3.77977,-0.94853,3.00494,1.73059,0
-1.41284,-1.31679,-0.74455,1.4355,2.5517,-0.19403,0.9258,-1.53411,-1.57132,2.2433,0.57131,3.5243,0
-0.8857,2.56783,1.70788,-5.39107,-0.86178,1.0472,-0.84577,-0.86748,0.01187,2.47436,-1.99685,0.58378,1
0.73698,-1.71954,2.52465,8.28082,-2.17797,-5.7564,3.53344,3.07065,-0.25359,0.09885,-3.21245,1.60907,0
-1.30557,2.32482,-0.34118,-4.62744,0.02132,1.14338,-2.04111,2.34557,1.27843,1.88688,-1.97958,-1.82015,1
3.67692,1.07774,-3.77583,-4.35758,0.79277,1.29006,-5.72966,1.20044,-1.70573,-0.76355,1.12984,1.68972,0
-2.3229,-0.81461,0.65049,2.96787,4.31214,-0.46606,1.76177,0.22658,1.43769,0.01645,1.63268,2.13588,1
0.07435,0.96711,-2.11819,0.52669,-2.0104,-0.83179,-0.7065,2.54902,-0.71626,0.55914,0.85732,-0.90711,0
-0.63358,-0.0761,-2.30196,3.49383,-1.88759,-2.65514,-0.87043,1.94176,-2.06616,0.98083,-1.65085,0.16852,0
0.51035,0.07495,-3.1047,0.86966,-4.20315,-0.0227,1.25015,3.79533,-2.36413,2.25131,1.55625,-1.26334,1
-0.92739,-1.16341,0.55346,5.5889,1.97313,-2.14176,0.97883,-1.92293,-1.16329,-1.70879,0.57013,3.31212,0
-1.38378,-1.04253,-5.07224,0.30319,0.58148,2.21246,-1.66789,2.69736,-2.45918,1.32128,0.01449,-1.32672,0
-1.61843,3.96971,4.29745,-3.97608,-3.47258,0.99004,0.42611,-0.90622,0.0189,-0.08367,-3.47,-1.01902,1
-1.55105,-2.73018,-2.67576,2.51184,3.37509,0.10972,0.89988,-0.91179,-0.61152,1.93924,2.02117,1.45783,0
-2.90426,-0.31463,1.24194,7.61825,5.04892,-4.35956,1.95624,0.10808,1.2149,-0.7301,2.1379,5.26623,0
-0.91624,0.56745,-1.57055,0.23145,2.24268,0.19826,-1.7288,1.4221,1.84395,-1.49691,1.53572,-1.3752,0
-1.76579,-2.0949,1.34269,8.24733,2.8762,-3.57118,3.15531,-0.35165,0.14768,-0.89857,0.70447,3.4616,0
4.28319,0.0996,2.4644,-2.42518,1.98237,0.84846,-0.78096,1.12057,0.49907,-1.73038,0.13159,3.69612,0
4.31806,-4.65472,-3.07789,-1.05867,7.92446,3.28175,-3.48605,-1.87572,1.52958,-3.68182,3.6298,1.33013,0
-1.24632,0.97793,0.12609,1.17875,1.90059,-2.52395,-0.4679,0.70495,2.03329,0.57193,0.93351,0.99,0
3.82865,-2.9891,3.88605,5.18453,-1.61798,-3.55376,3.65142,0.6831,-0.53373,-0.52821,-2.68166,2.81051,0
-0.05897,-1.26812,-0.15048,-0.92822,3.32959,0.42011,-0.68267,1.26089,1.82632,0.93894,-1.24075,-0.11078,1
-0.43816,-2.27458,0.60008,5.04783,3.11428,-1.96563,1.43966,1.309,2.13905,-1.41217,0.03049,0.12681,0
-1.83487,0.84975,-2.67271,3.16766,6.30818,-1.1509,-2.79153,2.05729,2.32242,-2.8814,4.12872,1.84771,1
-0.11649,0.77849,-2.79041,-5.23853,1.42996,1.53391,-3.47617,2.28915,0.3862,3.03308,-1.45863,-0.93669,1
-0.1847,-0.40318,-2.69099,1.55842,1.43644,0.32546,0.0883,3.25603,-0.21763,0.3256,2.78396,0.60971,1
1.24923,-1.47262,-0.70195,-0.75502,1.60727,1.10425,0.31688,2.54162,0.2233,1.19703,-0.2048,0.5334,1
-0.64197,1.66352,-4.77906,1.33485,-1.23163,-1.55832,-3.4004,4.27615,-2.09162,0.75631,0.08778,-0.05179,0
2.47967,-2.64672,3.45785,5.24649,4.44898,-3.20769,2.39153,2.74191,2.7231,-1.56769,-0.54696,3.97959,0
-0.48369,1.00791,-5.31972,-1.11257,-0.39295,0.38542,-4.82553,0.83799,-1.92813,-0.05585,0.33488,-1.41291,0
-3.67663,-0.99925,-2.97822,4.40996,4.26999,-0.67211,-0.86706,-0.0464,-0.01924,-0.50558,1.3519,0.65159,1
1.38784,-0.88389,-3.71204,1.92816,0.20918,-2.49615,-2.05085,1.07957,-0.02266,0.41804,2.19212,0.04756,0
0.06558,-2.19252,2.9249,8.12398,1.7194,-5.255,2.94427,-0.91753,1.25047,-1.49142,-0.45167,3.01693,0
1.15533,4.58857,1.59425,-10.74388,-3.02519,4.09818,-2.61239,0.64337,-1.56551,2.38153,-2.62982,0.45984,1
0.37413,1.18962,-2.61309,0.70935,-1.09151,-1.87008,-2.36374,2.4494,-1.68737,0.95283,-0.33358,1.19451,0
1.05068,-1.53696,-2.39824,1.44957,-0.21067,-0.04623,0.50192,1.17044,-3.17831,2.14829,0.75371,2.89196,0
-2.51282,-0.21296,-0.27585,0.83409,2.7923,-1.5587,-0.17393,0.31819,2.69154,1.43434,-0.33003,-0.89964,1
-1.57366,0.34694,-0.12591,-1.27098,0.67061,0.89262,-0.4677,-0.96589,0.62844,0.34226,-0.50353,-1.2803,1
0.85922,-1.98476,-3.39406,1.95538,-3.44735,1.45027,1.69416,2.92989,-4.06085,1.7909,0.1906,-0.77624,0
0.5636,0.12443,-1.40297,-3.32891,0.9579,3.61266,-1.2955,1.74698,-0.49489,-0.27375,0.19985,-0.87205,1
1.77063,-0.40334,1.35353,3.36875,-0.81241,-3.48429,1.68146,2.28401,0.61984,0.22605,0.23101,1.94753,0
-0.15318,-3.07409,-1.06785,3.71873,-1.24577,-0.16632,3.59201,-1.9584,-2.71949,1.83688,1.60258,1.25653,0
-2.59924,0.64819,-2.58291,2.35117,-0.61248,-0.96582,0.32811,2.32963,0.05322,0.98592,1.53264,-1.65165,0
1.90806,0.60396,4.45113,0.88503,-1.91092,-1.33189,2.47595,0.72284,0.87471,-1.3218,-1.23972,1.06354,0
-1.20959,1.55083,-3.48284,-0.26016,-4.47118,1.63918,0.26979,4.99661,-2.94872,1.70052,0.20696,-2.47507,0
-0.77113,-1.91479,-2.35042,-0.03006,8.35651,1.4725,-2.64529,2.8302,1.61283,0.23767,-0.2038,2.37296,1
-1.21056,-1.71101,0.59547,6.89371,2.08353,-3.12596,2.71911,1.81248,0.13511,-0.01663,0.31527,2.70278,0
-2.53705,0.88396,0.20722,-2.34105,3.04723,1.0752,-0.85925,0.70167,1.78735,1.4435,-1.14727,-0.3387,1
0.96485,1.79816,-1.69102,-2.32869,0.55573,-1.38451,-2.99465,-0.34973,1.21459,0.17689,2.59914,0.54692,0
1.042,-3.7612,-3.53799,2.74649,7.07332,0.49321,-2.28474,0.61925,1.10322,-1.70618,2.13776,1.50803,0
0.96525,2.81583,2.15866,-1.2721,-0.42875,-0.94468,-0.60282,2.81604,0.73685,-0.74441,-0.5088,1.91612,0
-0.72146,2.07836,-2.4671,-0.9526,0.61974,-1.63686,-2.61399,0.47227,0.07743,1.13731,2.22939,1.28418,0
-1.88996,-0.85897,-0.07401,4.90568,2.30025,-2.50828,1.70366,1.24502,0.37622,0.65564,0.71905,2.23744,0
-3.89907,2.6539,0.26055,1.0626,1.5675,-2.93357,-2.1372,1.50779,4.8701,-1.24256,-1.03619,-4.01666,1
0.76949,1.3227,-1.06506,-0.24282,-0.69956,-1.10001,-1.68341,1.90659,-0.79564,0.22118,-0.07709,1.15579,0
2.64095,-3.76949,0.18272,7.96065,-2.33131,-4.96127,4.23639,-1.04587,-1.49948,0.60045,2.11111,2.6139,0
0.94612,-2.67791,-8.24273,-1.51299,2.44341,1.40459,-4.00806,-0.84677,1.08545,0.53616,5.88815,-3.98863,1
-1.45409,2.69309,0.76613,0.27309,0.18809,-1.62358,-0.20691,2.50457,0.83298,0.4527,0.26714,1.3755,0
1.47859,-2.96046,2.77844,3.44255,8.61123,0.3683,0.87051,2.7204,3.63352,-3.55835,-0.01605,3.45295,0
3.07446,-1.37427,-3.24144,0.85574,0.65825,-1.65202,-2.85192,0.58586,-0.02632,-0.77225,1.74543,0.26096,0
4.09059,-0.62617,0.67506,-2.30791,2.56496,0.69931,-1.83596,0.04626,1.54552,-2.1581,1.52395,1.70417,0
-3.65022,2.26849,2.12968,4.6931,2.94727,-3.33747,0.72565,0.83656,1.88518,-1.55961,0.64144,2.69008,0
-0.34729,-0.40982,-1.78592,-2.01808,1.65946,2.3078,-1.20889,0.67577,-0.14008,0.42803,0.29777,-0.68343,1
-1.6207,-2.98396,-3.65903,4.87957,4.71598,-0.86886,-2.19549,0.72078,-0.58805,-0.79104,-1.31547,0.44586,1
1.01753,0.04017,2.48271,0.95752,-0.03284,-1.22598,0.98476,0.221,1.12926,-1.03428,-0.76411,0.707,0
3.73976,-2.46803,-1.30523,4.46922,-2.53581,-2.5609,0.80947,2.20579,-2.02074,-0.47747,-0.13118,0.96384,0
1.01439,-0.52829,-0.75703,6.32378,-2.01682,-4.78875,2.30822,4.51645,0.24213,0.50596,1.76835,0.94986,0
-0.53676,-1.44824,-3.27056,2.38301,0.06145,-0.77806,0.77024,2.22435,-1.39056,2.48641,1.51105,0.57586,0
1.22458,-2.05347,-2.76372,-4.83335,2.74278,5.33969,-0.94038,2.30603,-1.99009,2.73931,-0.58538,0.90192,1
-1.88487,1.64827,3.5967,-1.80368,-2.8898,2.17822,0.98846,-2.14034,-0.2947,-1.76981,-3.90069,-2.95179,1
-0.85131,-1.1638,-3.73376,1.82141,-1.2163,0.95894,0.73254,0.56245,-2.84548,1.38252,2.20748,-0.18566,0
0.07633,-3.12933,-5.40597,4.88389,8.22731,-1.11237,-3.24533,3.91135,0.72086,-0.95249,2.3031,2.92532,0
-1.63132,-1.29054,-3.28991,0.76941,1.58436,1.84441,-0.30156,1.81792,-1.59365,1.37336,0.20999,-0.27063,1
1.3244,2.87927,-2.47968,-3.47024,-1.20708,1.60167,-4.49595,3.60661,-3.20432,-0.26055,-1.73841,1.61056,0
-3.05746,-1.29198,-1.59341,3.01769,3.95046,-0.21999,0.99906,0.94164,-0.37481,1.86915,0.66516,2.21673,0
0.4038,0.02728,0.11931,4.26453,-4.53671,-3.55178,3.64651,2.75228,-0.44953,1.6751,1.57075,-0.31309,0
2.12256,-0.5543,0.62055,5.54201,-5.07422,-3.32852,3.37799,2.36024,-1.4916,-0.69808,1.19967,0.24099,0
2.19591,-2.70252,3.46933,-1.99127,2.74995,-0.95036,1.27838,0.61456,3.46057,2.52703,-3.95158,0.32266,1
-1.81596,-0.28281,-2.24053,4.5556,-2.05848,-2.2993,3.69968,3.86223,-0.59005,3.0258,3.43866,0.03074,0
-0.42767,0.38343,1.72232,-1.47587,4.84642,-0.76044,-1.81439,-0.81696,3.38834,-0.61645,-0.72173,1.24902,1
4.28114,-1.50385,2.09621,1.33731,1.08331,-1.14293,0.58739,1.61029,-0.66087,-0.93897,-0.93257,4.30446,0
0.15663,-0.03877,-3.31261,1.15707,0.64835,-2.89566,-2.02775,-0.79943,0.80672,0.90849,3.2792,0.14962,0
1.47973,-3.02646,3.0198,0.1706,9.30579,3.76081,0.38848,0.33473,3.35031,-4.4263,0.41916,2.62378,0
-0.57193,-0.34692,-1.81754,4.24482,-4.52876,0.203,3.08315,2.52778,-4.40757,0.66709,1.03204,0.35252,0
0.78743,-1.87062,-1.41942,2.60225,-0.8632,0.02506,0.47345,-1.8185,-1.98672,-1.00249,0.9989,0.13422,0
-0.06261,-0.90408,-1.37123,2.87588,2.92165,-1.66868,-0.94395,1.38884,1.05968,-0.80826,1.03531,1.02154,0
-1.04098,2.47371,-5.12663,-0.66837,-4.48624,-1.79135,-3.16954,0.49904,-2.82325,2.18606,1.33015,-1.42391,0
-1.7593,-0.94464,-2.36827,0.96788,1.09103,0.99879,0.00078,1.04245,-0.33546,0.8097,0.44891,-1.27621,0
2.53156,0.39961,-0.76176,-9.15594,1.54908,7.16107,-1.18399,3.36775,-2.80589,3.06731,-1.06144,2.79103,1
0.11123,0.75788,-1.5834,1.75943,1.16731,-1.79294,-1.88501,2.94516,-1.12307,0.29957,-0.60432,2.65746,0
-1.77836,0.23286,-0.13647,2.22924,-1.49223,0.48651,1.94463,-0.4819,-2.26408,0.1165,0.6338,0.71817,0
-0.91692,-0.33529,-3.00308,5.47999,4.46878,-1.84177,-2.17397,1.5716,0.8291,-3.56996,3.49371,1.54789,1
1.3848,-1.62436,-3.1219,2.80825,-0.80259,0.1258,-0.78589,2.89845,-2.77588,-0.45319,-0.46558,0.27951,0
-2.33595,-0.57506,-1.87028,4.02084,2.91677,-1.53676,0.16072,-0.34861,-0.37967,0.18425,2.23966,2.22682,0
0.85701,-2.81464,-3.88454,2.36199,3.95146,-0.05275,-2.53618,0.24634,0.56229,-1.56763,1.6099,-0.45949,0
2.15479,-1.54435,-2.0936,1.3664,1.34045,-0.84669,-1.70164,0.68381,-0.70592,-0.58924,0.63315,1.35367,0
-3.41834,1.51383,-1.44192,2.35768,0.17026,-4.04292,-2.31843,-0.53727,4.70522,-1.33425,0.45773,-5.61544,1
-3.16749,-0.29072,-1.28006,3.38424,3.42343,-1.53599,0.46919,1.19239,0.28864,1.43497,0.7194,2.04121,0
2.73888,-0.3403,2.54508,2.60948,0.43294,-2.02904,0.98192,3.56977,-0.11649,-1.04391,-1.86821,3.44292,0
0.84869,-0.73154,-7.45906,-1.80186,5.10643,2.4243,-6.56979,1.73731,-1.49711,-0.8792,2.79397,1.01886,0
-1.40609,-1.73675,-2.45386,1.54669,3.15225,0.5813,-0.68359,0.17939,-0.52422,0.74258,0.25766,0.62802,0
2.29034,1.35099,0.54314,0.02609,-2.69032,-2.42821,-0.56602,2.25691,-0.08718,0.14221,-0.45851,0.70259,0
0.6784,0.22868,-3.59544,-3.45455,1.8584,1.28659,-4.23913,-3.07225,0.70776,-0.93485,3.25259,-1.29921,0
-3.08549,2.76419,-3.8721,3.02008,2.02446,0.27507,-2.26982,0.98989,-0.76717,-3.42033,5.71136,0.84004,1
-0.96664,0.21766,-0.4987,2.93692,-1.13662,-0.41004,1.28777,1.53341,-2.23247,0.103,0.01647,1.42163,0
-5.38996,-0.74682,-1.29743,3.12586,7.12095,-0.6852,-1.07143,-1.694,2.56494,-0.28251,0.59293,0.34316,0
-3.21674,-2.4411,-0.21802,7.28975,4.59524,-1.49815,2.01092,-1.01665,-0.37475,-0.99112,0.59368,2.77221,0
1.57058,3.01646,0.82451,-3.61968,-4.28559,-0.12641,-1.55125,0.46914,-1.83495,0.55884,-1.61149,0.4817,0
1.37854,1.33237,-4.02142,-3.38839,1.08104,2.81544,-4.74767,2.32534,-2.5313,-0.84883,0.5963,1.1329,0
2.09634,2.65951,1.52638,-1.99174,-2.07907,-1.90681,-1.13949,1.73088,0.44956,0.06412,-0.28858,1.45276,0
1.50535,-1.9843,-4.55642,1.15125,2.15339,-0.31013,-3.22255,-0.01495,-1.54173,-0.14429,1.2586,1.0566,0
-0.9033,1.71998,0.21833,-3.68235,-0.10962,1.83804,-1.11809,0.07993,0.02477,0.70443,-0.84515,-0.59508,1
2.85166,-1.3384,-4.12285,-1.32562,2.76942,-0.22381,-3.6695,-0.02321,0.57097,-0.22086,3.36353,0.74545,0
0.14931,2.3554,0.66163,-1.90125,1.07776,1.23955,-1.61844,3.00732,-0.85971,-0.71573,-1.16361,2.44801,0
-0.25489,-1.62537,-0.2774,2.43323,3.02535,-0.99785,-0.36069,1.00485,1.37085,-0.63533,-0.87201,0.17019,1
0.41717,-3.49923,-5.1533,2.41159,6.16754,0.53002,-4.37409,3.35912,-0.21711,-0.71397,-1.94916,0.17795,1
-0.0375,-1.38725,0.21334,3.45133,1.99496,-1.2838,0.69373,1.09615,1.07882,-1.19619,0.09928,0.40807,0
0.09261,-0.86324,-1.53391,0.71101,2.94814,-1.76446,-1.97647,0.46684,0.42604,1.26336,-0.6477,1.85164,0
4.42958,-1.11575,-0.73015,-0.83075,3.69191,-0.66054,-2.17329,1.88642,2.46022,-1.84285,2.88299,1.92931,0
-1.58828,0.23113,-1.23172,1.53517,0.50026,-2.08864,-1.1734,0.07679,2.66566,-0.59933,0.51321,-3.15203,1
0.2484,1.24415,6.49473,1e-05,2.46321,-0.81597,2.78677,-0.11896,4.60705,-2.48583,0.3738,1.30583,0
-0.74382,-1.13171,-5.02198,3.68942,6.7254,1.2759,-2.97478,4.5806,0.06744,-2.8952,3.46369,1.78014,1
1.72252,0.03838,-2.44073,0.99029,-1.15563,-3.97001,-1.5141,-0.69726,0.40574,1.44389,2.8414,0.79169,0
-3.17706,-0.78961,-0.62033,1.72275,5.66904,0.38199,-0.15384,2.81707,3.23194,-0.13725,-0.24518,-0.93205,1
-2.82141,0.9904,-0.4626,3.67367,-1.90102,-2.49044,3.76683,2.16249,-0.01821,2.73689,3.01735,0.54108,0
-3.72792,-0.26563,-2.91666,1.77984,3.42192,0.01964,-0.23004,1.24115,0.73641,1.5466,1.80993,-0.1691,0
-0.99785,-0.6006,-1.83314,-1.1123,2.46163,0.52335,-1.01586,1.66232,0.8895,1.9555,-0.26859,-0.35609,1
-3.39617,-0.12518,2.1107,8.10021,5.03916,-4.35839,1.37498,-1.03465,1.82251,-2.55218,0.93774,3.93397,0
-1.47393,3.1648,2.24668,-4.58831,-1.28955,1.3012,-0.62604,0.83413,0.52659,1.20737,-2.79124,-0.72747,1
1.88879,-3.6817,3.17753,3.61341,6.71736,1.54099,1.31204,2.3605,1.80346,-4.01018,-2.37144,2.59382,0
1.63205,0.92645,-0.85311,-1.72041,1.27045,-0.55523,-2.27212,1.02113,0.8027,-0.28846,1.2786,1.26579,0
2.46739,-2.09814,1.01599,2.23336,0.01084,-0.02418,0.54559,0.36667,-2.3074,-1.04726,-2.5662,2.46979,0
1.39102,-1.55904,0.44824,2.23187,3.84171,-2.44864,0.4725,-0.23537,4.14371,-1.29474,3.69642,0.62669,0
-2.71276,0.02758,-0.0194,-0.00192,2.79724,1.81007,0.46285,1.20954,0.39757,0.44312,-0.73014,0.07406,1
3.51038,-6.32497,-1.69713,1.64689,11.26903,4.25045,-2.31356,0.3244,1.69678,-4.85552,1.10355,2.54355,0
-0.35508,-3.30083,-4.30937,3.72192,8.24012,-0.9264,-2.64324,0.10495,2.48392,-1.48325,3.82151,1.28788,0
-0.88712,-0.33028,0.17383,4.90727,-1.69804,-1.47756,2.77141,2.47847,-1.54627,-0.05717,0.11825,0.91249,0
-0.26354,-3.15221,-1.32267,7.41802,5.4426,-3.06047,-0.59252,0.89169,1.18259,-2.43588,0.27713,2.071,1
-2.45217,-0.11951,-3.61428,-0.00824,1.41284,1.45496,-0.77796,0.90446,-1.78135,2.038,1.18967,0.40269,0
-2.63858,0.14577,-3.96854,4.17177,4.11473,0.62646,-1.01031,2.78097,0.075,-2.33419,4.52521,0.64296,1
-3.20423,-4.29269,-2.50053,8.98717,11.94519,-2.82607,-2.04502,0.29656,2.20945,-2.30103,-0.07124,4.04595,1
0.3301,-2.58359,-5.56758,3.91809,4.67448,-3.09996,-2.84814,0.55272,1.95255,-0.00713,4.3158,0.1495,0
0.06882,4.46549,1.13294,-8.91207,-2.56231,2.99756,-2.78046,-0.31623,-0.78809,1.57018,-1.91663,-0.3974,1
-1.81173,1.35512,0.32284,-5.42981,1.79361,2.88117,-0.76748,0.73159,-0.23324,3.33541,-2.04625,0.96201,1
-2.62838,-2.7945,-2.12057,6.99567,8.27064,-2.99038,0.06631,0.37515,1.06452,0.38371,2.24367,4.92694,1
-2.08274,-3.71678,-1.88819,5.96982,6.52947,-2.79079,0.91836,0.58059,1.34931,1.81664,0.74135,2.873,0
-0.17081,1.64,3.44292,2.36948,-2.6315,-3.02971,2.13794,1.59927,0.49032,-0.1093,-1.86743,0.86867,0
-0.22467,1.50895,0.5044,-4.13117,0.29759,0.87233,-1.2265,1.42948,0.78418,1.96616,-1.77366,-0.14165,1
3.45661,-0.23278,-3.57021,0.2641,-1.78117,-3.14424,-2.89279,0.61826,-1.48324,1.25065,1.72807,1.58494,0
-1.43843,-0.82022,-4.59197,3.6205,2.24978,-1.44027,-2.55974,2.58754,0.03275,-0.53601,0.87861,-0.99989,0
0.26535,0.78982,-2.41225,0.61159,1.57867,-4.23699,-1.73338,-0.87438,2.97265,1.24847,5.18074,0.71823,0
3.38367,-2.04338,1.88613,5.01695,4.01379,-1.99253,0.35924,6.70433,0.93031,-2.55306,-2.5526,3.99694,0
-1.67721,-1.27998,-4.02601,0.28474,-0.52114,1.555,1.29264,2.3916,-2.40858,4.00748,1.37599,-0.27982,0
3.75044,-3.82269,-0.68293,2.77526,3.72124,-0.42866,-0.77927,0.31927,0.26329,-2.20038,0.30843,2.12635,0
-1.89697,0.66527,-0.62044,1.08966,0.05115,-1.22792,0.66166,0.63536,0.77324,1.22482,1.09629,-0.38971,0
1.10311,0.14687,-0.12802,5.61787,-2.84385,-3.8705,1.44756,2.23385,-0.88429,-1.19172,1.20455,0.98688,0
1.69472,-0.0555,0.28448,1.31229,-0.32216,-1.49155,-0.24482,1.63452,-1.01567,-0.01165,-0.80291,2.33608,0
-2.01119,-1.51337,-3.66331,5.59317,5.12786,-1.27127,-3.28048,0.67159,0.40608,-3.34742,0.35708,-0.00917,1
-0.8488,1.96291,-0.02481,-2.03763,1.13269,0.29851,-2.46608,-0.32708,2.38087,-1.94762,0.57654,-2.03253,1
-0.80415,-2.22761,-1.18948,5.10973,2.75947,-2.11554,1.45157,-0.12159,-1.01032,0.96441,1.43065,3.51508,0
-2.84257,0.16991,-1.63867,2.28196,3.09697,-0.60909,-0.50379,1.43582,0.18097,0.60229,0.52362,1.18495,0
3.14866,-3.93334,1.97134,6.54249,2.1687,-2.60398,2.40794,2.75557,-0.48161,-1.29174,-2.2976,3.78557,0
-3.21838,-0.20082,-3.63097,1.92222,-0.78332,0.26168,1.31599,3.70416,-0.448,2.73515,1.32637,-2.50426,0
2.46974,-2.24869,1.17596,-0.91038,6.91731,2.31901,-1.07869,-0.67013,2.39118,-3.18026,1.57035,2.50723,0
-2.82625,0.03104,0.06417,0.7759,3.14772,-1.49877,-0.60142,1.49519,3.34803,1.02734,-1.6285,-1.69059,1
2.60858,-0.36743,0.07717,1.71407,-0.9458,-3.13831,0.06838,0.86806,-0.31586,0.64935,0.67253,2.46314,0
0.39655,-0.71974,-2.35233,-0.32402,3.01063,-0.53647,-2.46287,-1.95238,1.52595,-0.75336,2.88172,-0.01624,0
-1.48123,-1.81778,-1.61209,3.14095,4.07943,-0.32901,-0.60722,-0.62153,1.82155,-1.74938,1.58847,-0.83955,0
-6.47607,-0.46116,-5.57953,11.44617,9.57355,-1.15121,-3.89097,-0.13931,-0.09525,-7.56165,4.45552,1.94785,1
-2.27646,-0.42839,0.41493,1.5538,2.11503,-0.70785,0.13296,-0.44212,2.15731,-0.45339,-0.74575,-1.58195,1
-2.58822,3.56396,-0.29374,-3.29499,1.79549,-0.47365,-3.0979,3.07958,3.21487,0.65068,-1.15231,-1.83048,1
-1.35693,-3.35674,-4.1871,2.52712,3.4041,0.89518,-0.2117,1.66817,-1.77688,2.43682,-0.30041,0.87576,0
0.48208,-2.70462,-3.7548,4.42378,6.07092,-1.20102,-2.68697,3.09727,1.34735,-1.96755,1.1856,0.95671,0
1.90435,-1.66284,-6.29088,3.33559,0.68808,-3.87231,-3.42284,1.9845,-0.13244,0.79518,3.1417,-0.07322,0
3.08403,0.72785,3.17445,-5.20215,0.20627,-0.90405,-0.4392,0.48541,3.17408,1.88196,-1.45806,0.50785,1
-0.43105,0.34152,-1.77155,0.98014,2.35765,-2.0267,-1.38226,0.92749,2.44072,-0.04888,2.84236,-0.0958,0
1.38156,-3.03482,-7.23191,2.31431,5.91718,-1.46528,-4.67036,0.34535,1.28767,-0.59097,5.03116,0.42871,0
0.3548,1.46924,1.38633,-3.43878,-3.02231,-0.4917,0.55297,0.17597,2.08707,1.65326,-0.42011,-2.97591,1
-3.48613,-1.81535,-1.15292,4.55913,5.84958,-1.09595,0.65795,0.40799,0.50565,0.95003,0.27436,2.74142,0
-0.0185,0.24783,-2.4267,3.65698,-0.20566,-3.8041,-1.39765,3.5475,-1.02947,1.32732,-0.69289,1.79655,0
-1.82244,-1.06521,-2.22536,2.97393,1.35856,-1.10837,0.93069,0.21526,-0.40854,1.53017,2.08335,0.82339,0
0.20782,1.70871,2.27937,5.19211,-3.44975,-3.90783,2.93947,2.42355,-0.60883,-1.05669,0.93815,1.99445,0
-4.31506,1.47501,-0.70929,1.60964,5.65528,-0.30163,-3.48407,-0.37911,1.81272,-2.50393,-1.25741,0.2256,0
0.41656,-2.39326,1.6292,7.07016,1.62702,-5.0792,2.92101,-0.45417,1.38884,-0.09572,1.00679,2.8206,0
0.08844,-0.74182,-4.01124,1.65424,1.46264,-1.68893,-2.65968,1.0763,0.34971,0.12409,1.61104,-0.60836,0
2.91528,0.98066,-1.61619,1.38614,-6.49906,-0.77615,0.40249,4.18926,-3.31137,-0.38428,0.16579,-0.77744,0
-0.54041,-0.08969,0.21201,0.97641,-0.35257,-0.64785,0.47804,-2.18593,-0.56758,-0.05692,0.65726,0.64563,0
0.73314,-1.40741,-5.20827,-1.49756,6.58277,1.86613,-4.93411,-0.93476,1.50209,-1.9129,4.62461,0.2742,0
-2.37458,0.67516,0.99615,0.07201,0.75443,0.53308,0.60764,-1.92947,0.74323,-0.48598,0.15541,-0.69305,1
1.21929,3.29538,-0.15442,-0.82459,-4.6692,-4.48317,-0.49095,1.36847,0.84876,1.97413,2.10984,0.05341,0
2.65318,-3.69497,-3.28732,1.26508,7.87628,0.52232,-3.25739,0.66144,3.82498,-3.34513,3.78683,-0.24435,0
-0.40125,-2.79079,-2.62492,2.88035,3.25368,-0.91302,0.35486,1.38574,-1.28372,2.715,0.15059,2.88856,0
-0.03859,-0.64786,-2.77721,2.78122,-2.03806,0.71915,0.57212,2.06032,-3.58497,-0.02366,0.71447,0.41789,0
2.68582,0.76878,-1.55771,-0.39759,-0.85707,-1.8024,-1.90438,2.56148,-1.52118,1.07479,0.35114,2.88378,0
0.83498,-2.41019,-2.38179,1.97216,4.06229,-1.1694,-1.34537,-0.9575,2.01234,-0.8532,2.9265,0.16803,0
-1.7636,3.60884,1.13443,-1.42832,-0.14975,-0.37734,-2.39904,3.67118,2.41795,-1.88938,-2.59275,-2.59442,1
-1.79912,-2.32895,-2.98681,1.17774,4.66828,0.31845,-1.26581,-0.52136,0.56394,1.30069,0.44539,0.23259,0
-1.05977,-2.76118,-1.97966,2.41601,1.50441,0.16529,2.16372,-1.74368,-1.47008,2.37557,2.251,1.60322,0
-4.01461,-3.02236,-3.53605,8.37865,4.05384,-2.32955,0.21137,1.47763,0.08795,-0.39788,-0.36233,-0.62485,0
2.72416,2.19085,-1.12357,-2.06869,-3.24551,-2.44292,-2.26212,1.062,-0.71096,1.0549,1.00847,1.04951,0
-1.26011,3.78342,0.44884,-3.70754,-3.72095,-1.90718,-2.43617,-0.73965,2.00832,0.79748,-1.44958,-3.82961,1
2.42842,-1.44789,1.49528,4.68422,-2.1003,-3.41188,2.23199,2.45617,-2.41523,0.98163,-2.48983,3.72326,0
4.39623,-0.67762,3.54326,-0.86565,1.4463,0.91376,0.25549,2.74419,1.04873,-2.77493,-1.79416,2.10605,0
-1.75033,0.27093,-0.42367,3.5188,0.16234,-2.83998,1.4268,2.67991,0.97715,1.38352,0.61745,0.30373,0
1.78498,-2.15618,1.32293,1.74134,5.77734,0.83025,-0.67244,1.92366,1.76425,-3.06508,-0.92087,2.21496,0
1.7534,-2.21743,-2.14258,4.3216,-0.99581,-2.64423,-0.00631,1.34195,-0.16663,-0.63157,0.61742,-0.96183,0
4.39716,-1.75902,2.99319,2.19781,2.14901,-2.24095,0.95565,2.5584,1.6522,-1.5542,-0.80942,3.43395,0
0.72657,-1.06899,-3.42902,-6.56301,0.61827,3.87691,-1.61354,-0.05057,-1.73372,4.68737,0.0146,-0.2039,1
-1.16327,-0.4202,-0.64249,1.60321,1.91642,-0.85964,-0.30164,0.22604,0.42267,0.23606,0.0023,0.66354,0
1.74756,-0.67877,-3.25179,2.65885,-1.45371,-5.32883,-1.51549,-0.6708,0.26517,1.8336,2.76439,0.62919,0
-4.33001,0.15634,-6.89228,5.56686,5.31749,1.45621,-3.23663,2.2347,-2.14924,-3.25361,4.47137,1.06816,1
-2.05269,-3.88526,-2.94269,5.385,10.85625,-0.43478,-1.8564,1.83696,1.09666,-0.58698,0.08847,4.26764,1
-1.4846,1.469,1.38551,-3.851,1.61772,3.85919,-0.0835,1.9725,-0.73921,0.77151,-2.40717,0.99376,1
-1.59462,-1.26418,-3.58158,1.70039,0.27027,0.32674,0.95941,2.15438,-1.68369,2.94531,1.48942,0.1712,0
-1.13307,-0.80923,-0.39958,1.41607,4.62894,-1.536,-1.0261,1.0754,0.89455,1.39604,-1.16304,2.90316,0
-1.85483,-3.61955,-3.28434,6.93895,6.36631,-1.76734,-0.9877,1.02076,0.01384,-0.83572,0.09697,2.02289,1
0.87012,-1.41654,-2.66474,2.41995,-2.89234,0.65324,1.6554,2.10723,-3.15866,0.81803,1.36476,-0.23208,0
-0.27573,-1.30525,-0.78527,-0.14874,0.58566,-0.59448,1.084,-1.06014,-1.01114,3.48155,0.33488,2.02486,0
-1.15343,-2.50936,-4.1475,1.36044,0.01309,1.3114,1.53161,0.76573,-2.72979,3.59152,1.80903,0.24539,0
-3.99266,4.77709,1.10263,-3.40137,2.8147,-2.74926,-3.93888,1.96752,5.71844,0.77773,-2.03798,-2.31262,1
-2.01779,-0.98479,-6.73861,5.99736,1.23841,-1.74315,-4.58872,0.74644,-1.65966,-3.067,0.73725,-2.40187,1
-2.57112,0.18069,1.28498,3.98822,6.81633,-2.57273,-1.02243,-1.37548,3.98836,-3.07887,1.73053,1.98106,1
-0.22178,-1.45116,-1.61594,0.8379,4.44792,2.34855,-1.50626,1.36544,-0.35555,-1.84305,-0.02035,1.04031,0
1.91462,-1.00041,0.51322,-0.14422,3.26886,0.56695,-1.07791,0.01417,1.04319,-1.97111,0.61221,1.66438,0
-1.22785,-1.96903,-2.04984,-3.73495,6.09278,4.24915,-0.76298,4.80903,0.21833,4.0401,-2.51164,1.24418,1
2.36114,-5.85129,-2.52379,5.21012,2.17968,-1.41545,1.15496,-1.36217,-1.31119,0.53052,0.68007,1.4202,0
-1.889,-0.01185,0.1579,1.46717,2.60034,1.10168,-0.41884,0.79762,-0.21748,-1.43318,-1.31844,0.59943,0
1.02802,-1.85443,-2.70537,4.13635,2.3078,-1.69715,-1.22381,3.23785,0.06174,-1.05686,0.57257,0.73291,0
2.58667,-1.98849,-2.28788,0.6309,3.43719,0.73853,-3.03686,0.93449,-0.8435,-1.92029,-0.16591,1.82341,0
4.08736,-3.61961,-4.3791,-5.1934,1.78059,5.2982,-1.09128,2.10355,-2.67214,3.13944,1.25296,1.00994,1
1.76808,-3.01185,-3.02707,2.71758,0.6183,0.74246,-1.80661,-0.5659,-2.30303,-2.14096,-0.69971,-0.50577,0
0.8787,-1.23392,-5.14592,0.29157,-3.15325,0.62246,-0.1005,3.79287,-2.19609,2.59922,1.50442,-2.50688,0
2.30048,-2.75984,0.78685,3.25063,5.37105,-0.2527,-0.25522,2.9261,0.87848,-2.24004,-1.14785,3.30341,0
-0.52599,-1.13348,0.70432,5.24298,0.54954,-3.51881,2.80674,1.58728,0.70626,0.94528,0.96018,1.89037,0
1.33258,-4.9565,-3.93972,4.92391,-1.2492,-0.35115,3.4883,0.64014,-4.24348,3.52171,2.08671,1.95274,0
-0.6378,-2.75084,0.31659,5.70834,4.19671,-2.06399,1.63706,-1.5266,-1.25582,0.15031,0.39235,5.2536,0
-1.04008,-1.47234,-1.69327,5.20218,-1.45754,-2.91948,4.61412,2.4585,-1.10946,3.89948,3.66319,1.95542,0
3.8151,0.25745,-1.64462,-3.1231,1.5935,1.0228,-3.21803,1.90693,-0.12828,-0.90552,1.46947,1.89705,0
-2.21151,-0.30243,-2.2668,0.90267,2.80987,0.65879,-1.04329,0.48545,-0.52214,0.61243,0.50614,0.73228,0
-1.38851,-3.93331,-0.02015,8.42707,3.85864,-2.98323,2.44395,0.98317,1.175,-0.94443,-0.59271,0.93328,0
3.84102,1.28883,3.11587,-5.51603,1.78498,2.28753,-1.41326,-0.18558,1.91194,-2.2518,0.68199,1.77243,0
-0.76778,-3.195,-1.59466,5.8724,3.96668,-2.64876,0.38187,-0.21899,1.97407,-1.01848,1.38597,-0.07407,0
2.48219,-1.34076,6.68156,2.45848,1.19285,-2.97121,4.31603,-1.26621,3.89497,-1.47045,0.0342,2.16332,0
-3.75255,0.51584,1.26435,2.70808,4.36774,-0.49415,0.60058,0.21326,0.15659,0.10085,-1.16085,3.24112,0
-3.83622,1.14582,1.29415,5.03587,3.95365,-3.84285,0.86626,1.81527,2.26572,0.13418,0.01934,2.67869,0
-2.238,-1.91478,-4.69219,0.48493,4.28182,-1.48167,-2.2856,1.79047,3.74293,2.62803,1.16103,-3.46249,1
1.46877,-3.18399,-1.92284,3.47171,3.17215,-1.34261,-0.31823,-0.4891,1.09916,-1.14897,2.19378,0.50432,0
-2.78536,-3.65094,-3.75865,4.60779,12.42234,0.64301,-5.12779,1.08617,1.12231,-2.73273,-2.48518,2.78719,1
-2.85226,-0.45025,-0.28839,4.90141,1.70952,-1.64693,1.96452,1.04067,-0.22742,0.39417,0.8014,1.60344,0
1.9112,-2.16321,-0.1806,3.3435,4.19155,-0.90592,-0.03514,3.32403,1.6293,-1.88672,0.70923,1.84283,0
-3.38339,0.29116,-1.06138,3.24449,2.78356,-3.06665,-1.04797,1.00723,4.79988,-1.05458,0.77477,-3.77531,1
1.51516,-1.67215,-1.31757,3.67187,-0.9934,-2.1455,1.13779,0.7742,-1.94227,0.874,0.98538,2.20702,0
0.36715,-0.27983,-0.38691,3.55665,-1.46507,-2.63713,1.52658,2.84209,-0.15393,0.69614,0.51731,0.50699,0
2.16738,-1.87512,-0.28181,1.34218,5.97349,0.47606,-1.7311,3.02474,2.06736,-2.72008,0.33047,1.97399,0
-0.14591,-2.7658,-3.26552,1.60039,0.7396,2.09852,-0.42327,-2.97197,-2.93563,-0.5948,1.29472,-0.09048,0
2.04121,-0.64822,-0.17704,5.43526,-2.35343,-5.36406,0.61645,4.08356,-1.42866,1.20946,-2.20345,2.55874,0
-1.03089,-1.29048,-2.18697,5.4215,6.25975,-2.30646,-3.59584,-0.25621,1.13656,-3.84768,0.38038,1.87293,1
-0.25365,-0.66278,1.91764,0.88949,-2.27962,4.02851,2.72816,-0.83227,-2.46582,-3.00337,-1.06436,-1.42211,1
1.93546,-0.79846,1.77749,2.67545,1.19594,-1.3556,0.32509,2.67712,-0.88113,-0.98592,-2.58884,3.4376,0
-0.77631,-3.33233,-2.71688,2.71183,2.54391,2.10745,1.54149,-1.30918,0.07677,-1.00424,3.78819,-1.42445,1
-2.19078,0.14896,-0.47426,-1.66552,1.58462,1.48979,-0.51017,-2.04125,0.51003,0.63618,0.12795,-0.92481,1
0.69135,0.06574,-1.94377,-2.30016,-2.25693,1.3848,-2.33078,-0.6067,-0.7871,-0.55975,-1.30218,-3.41717,1
-3.71433,0.91571,0.14727,3.68522,2.31722,0.08916,0.66765,0.91662,-0.80006,-1.29522,-0.13217,1.65865,0
1.24654,1.20473,2.57935,-4.39619,-3.15148,4.00566,1.41917,-0.60631,-2.71579,0.1114,-1.77246,0.63671,1
-1.46905,0.40545,-1.83004,0.26967,-1.46069,1.4985,0.71107,0.16087,-1.90099,0.53252,1.55881,-0.6586,0
-0.61519,1.68484,0.54116,-4.30116,-1.5678,-0.76444,-2.53073,0.75297,1.4526,2.33716,-4.81534,-2.8498,1
2.76992,2.81334,2.44787,-6.26973,-1.48659,1.95936,-1.22296,-0.82358,1.4243,-1.51103,1.42492,-0.2293,0
1.32299,-1.26756,2.73041,1.92663,0.53138,-1.55147,2.05498,-1.3957,2.25189,-1.44955,0.73496,0.0306,0
1.29507,1.46733,-6.04026,-1.19217,0.89579,-1.48268,-5.18511,3.25511,-0.19791,0.65254,3.44316,0.35938,0
-0.18806,-2.38624,-1.22182,2.72968,4.82689,-1.82006,-2.33776,0.31184,1.805,-0.79563,-2.05895,0.24528,1
1.85883,0.60606,2.46082,1.65135,-2.20851,-4.36078,1.68466,-0.47611,1.85673,0.424,1.22213,1.00387,0
-2.31684,-1.31579,-1.97296,3.36486,3.39075,-1.85556,-0.7163,-0.64526,3.39662,-1.13111,2.08438,-2.64552,1
-2.22037,1.64238,-0.68853,3.63061,-2.08677,0.27857,1.04204,1.86224,-2.2614,-2.00506,0.84208,-0.1356,0
2.79259,-4.49005,-1.981,6.50529,-0.78234,-1.7721,1.55834,-1.11043,-2.70906,-1.31937,1.10806,1.29595,0
-0.9679,-0.64255,-5.78186,2.06515,1.45481,-1.61856,-2.77073,0.82117,-0.44034,1.00077,3.12098,-0.48248,0
-1.37293,-1.25906,0.78638,4.52148,5.44422,-4.07937,0.08503,0.41975,2.88226,0.30429,-0.03172,2.96955,0
1.44561,0.16397,0.97659,-6.42251,1.64742,1.76483,-1.43437,2.08314,2.98046,2.35179,-2.32564,-1.63799,1
-1.56424,1.30454,-0.82043,-1.27517,2.15757,0.53715,-1.48147,3.82485,2.05952,0.30273,-0.70047,-1.35556,1
-2.86701,5.26954,-0.5934,0.48955,-2.57261,-1.0792,-1.5627,5.98747,0.45659,-1.29056,-0.35915,-1.86826,0
0.88483,-1.44933,-6.49133,1.76585,1.27265,0.22425,-4.2173,2.75534,-2.5163,-0.42652,0.61185,-0.25747,0
1.00413,-2.59394,-4.20621,2.74035,2.27206,-1.21556,-2.07112,-0.38771,0.08541,-0.63102,2.32542,-0.40156,0
0.6605,-2.24154,-6.56302,3.89545,5.14899,-1.6602,-4.054,3.5322,0.1641,-0.65887,2.82049,1.14387,0
-1.70781,-0.19926,0.08614,2.45995,3.40534,-1.67108,-0.80929,-0.64733,2.15112,-1.31226,0.39149,0.24297,1
-0.98123,0.16681,-1.11637,2.3696,0.03475,-2.06496,1.35873,3.28989,-0.01828,2.38992,1.07421,1.32593,0
-2.0047,-1.05673,2.34928,2.09638,8.03856,-2.09798,-1.18784,-1.44342,4.83035,-1.57721,-1.20596,1.74027,1
-0.16402,-0.48525,0.43023,4.99958,1.04409,-3.63845,1.07454,1.10325,0.5065,-0.40143,0.77707,2.33346,0
2.4135,-1.45461,-1.94286,2.08996,-3.70722,0.3239,0.41677,2.7403,-3.69935,-0.05455,-1.39855,-0.23899,1
0.56276,-1.94849,-1.76513,3.08512,-0.83747,-1.41677,0.93862,0.58065,-0.99654,0.85529,0.56303,-0.10369,0
0.43793,-0.47978,-1.0176,4.9103,-4.15966,-0.93941,2.32722,0.57095,-3.78925,-0.976,1.3148,0.80957,0
-1.67377,-0.30477,-2.80358,3.79117,-0.28152,0.99703,-0.78311,3.31597,-2.13205,-2.03601,-1.02584,-1.55763,0
-3.44592,-0.37319,-7.09271,7.36533,3.61973,-1.23651,-4.57599,0.72751,-2.26446,-3.9555,2.55881,0.01882,1
-0.43251,0.64264,-0.01494,1.90033,0.43219,-0.48008,-0.05415,0.77346,-1.39461,-0.76691,0.12988,2.25973,0
-0.98545,0.20653,-0.1434,3.55388,-2.41337,-2.05578,3.32243,1.83067,-1.55701,2.15065,1.62695,1.68374,0
-1.95502,0.3529,-1.1028,3.01814,1.69127,-1.89293,-0.29095,2.01991,1.92996,-0.6444,1.05811,-0.98308,0
-1.08209,-0.95856,-2.07882,1.84211,-1.02607,-1.10867,1.1178,-0.07403,-0.42815,1.9479,1.52588,-0.9451,0
-1.34566,0.63047,-3.11457,-0.07502,-0.36529,1.04476,-0.69094,2.65342,-1.70421,1.4266,0.88668,-0.20147,0
-0.94407,-1.46789,-3.40145,0.82691,0.7576,0.69987,-0.54541,2.32784,-1.1248,1.93574,-0.41053,-0.90896,0
-1.81161,0.10795,-0.29134,2.37297,1.16713,-1.69752,1.15079,1.03851,-0.29037,1.83854,0.4695,2.18126,0
1.57421,-2.16255,1.47982,3.35004,2.7986,0.102,0.22818,2.17881,-1.15906,-2.01702,-3.36189,3.00514,0
0.03049,2.65338,2.14947,-1.25449,-2.78447,0.20005,-0.48909,1.20988,1.24053,-2.59635,-1.35904,-2.78148,1
0.36153,-1.78464,-3.31417,1.92181,4.28374,-1.16384,-2.49157,-0.38816,0.7822,-0.51573,2.30147,1.23693,0
-1.49346,-0.40514,-2.25919,4.47456,-2.91554,-0.81983,2.83516,2.30527,-2.97018,1.50957,1.88272,0.40383,0
1.31583,-2.82393,1.9663,5.13611,3.45313,-1.53268,1.70426,2.15939,1.3386,-2.13407,-1.39685,1.92852,0
0.92819,1.41909,-0.61313,-4.23366,-0.28179,2.85085,-0.63571,2.12948,-0.49569,0.71989,1.17325,0.24276,1
-3.35249,-0.96187,-3.07607,0.7435,1.81856,2.37497,0.08635,-0.73036,-1.6985,1.19105,0.97919,-0.54902,0
1.29779,0.25171,-3.028,-0.33935,3.01151,-1.47421,-3.26875,2.4116,2.24103,-0.43806,2.8268,0.22289,0
-1.98884,1.19982,-0.54501,2.1857,-0.17722,-0.48557,0.24089,1.67498,-1.08539,-0.21853,-0.03064,0.77963,0
1.27198,-1.94782,-0.60936,5.70879,-1.19528,-3.47448,2.2363,0.4704,-1.7784,0.70422,1.24632,2.76031,0
-0.99583,0.8014,-4.60605,1.93793,1.63712,-1.17452,-3.05275,4.30663,-1.24104,0.59918,0.85946,1.1507,0
-1.4229,2.91376,-0.21991,-4.28449,-0.9356,1.14995,-2.53425,-0.1102,1.07752,-0.04482,-0.86695,-2.56325,1
3.72089,-2.984,-2.73566,3.51328,-4.94389,-1.46784,1.91096,2.16264,-2.60673,0.88612,1.10459,-1.35493,0
-1.01095,1.73546,-2.34636,-1.23666,-2.42923,-1.23828,-1.53498,-1.74009,0.34436,0.79415,2.54128,-2.29555,0
1.63768,1.68723,-2.80475,-3.61306,0.53234,0.09849,-3.76938,-0.08262,-0.08325,0.28132,2.8322,0.98173,0
0.07606,0.31805,-0.90028,2.73042,-1.61027,-1.2262,0.35522,3.49292,-1.11923,-0.17195,-0.60748,0.04087,0
-1.266,5.42184,2.6684,-6.42973,-2.9183,-0.35332,-1.8939,1.22756,1.76439,1.67559,-2.69895,-1.42649,1
-0.55106,-0.86634,2.36074,6.97182,2.65326,-3.98489,1.72469,-1.88034,-0.06472,-2.17121,0.74232,4.87942,0
-0.17407,-1.66574,-0.95539,4.17075,-0.96707,-0.82345,1.84319,0.98483,-2.31949,0.4247,-0.22506,1.10847,0
0.19208,-0.2784,-3.87316,2.323,-2.04241,0.04051,-2.31182,2.87209,-4.85842,0.22407,-2.64314,0.79481,0
-2.25579,-0.87793,0.79156,5.04208,1.85862,-1.44178,1.25444,-1.15365,0.44735,-1.96689,-0.03279,0.4323,0
1.16174,-3.19044,-6.08776,0.89257,-1.52983,1.42475,0.00559,2.8431,-3.44155,3.3069,1.21878,-1.16468,0
-2.29045,2.08469,-1.1715,-0.30428,-0.71259,-0.64097,0.58199,2.55763,-0.24905,2.61474,1.35271,0.58208,0
-1.82342,-1.39068,-1.97247,4.17278,-1.74738,-0.16252,2.88276,1.56471,-2.05401,1.36247,1.09272,-0.67446,0
0.09046,-0.12557,-0.53084,2.13265,-0.30926,-1.65894,-0.17297,0.53946,0.10869,-0.49977,0.2777,-0.00464,0
-1.20002,-0.31293,-1.32522,2.72722,6.65258,-3.33334,-1.07777,0.54388,5.69758,-0.95103,5.45271,0.7387,0
1.67764,-1.90532,-2.30635,5.895,-3.99173,-0.88331,2.13567,2.01626,-4.54381,-0.81747,0.99699,0.93308,0
0.22366,2.59719,3.70913,-5.76268,-3.57409,4.33117,1.80687,-0.94708,-2.89138,0.90242,-2.17501,1.32709,1
3.01917,-1.40989,-1.21719,-3.68841,-1.40005,0.78407,-1.78973,2.23198,0.05492,2.09052,-3.30379,-2.23429,1
2.32607,-1.72457,5.41165,0.59092,4.35059,0.95717,2.36053,-0.10707,3.00284,-3.11962,-0.64143,2.44237,0
1.02558,-3.52767,0.86992,4.99837,3.46119,-5.19176,2.60503,-1.30148,1.51745,3.01562,1.22082,4.62686,0
-0.5768,-3.13193,-5.3641,3.39153,0.15336,1.04241,0.30986,0.86213,-3.32956,1.43821,1.81451,-0.2809,0
-6.79665,0.38127,-1.5798,2.20752,5.68185,1.90448,-0.04887,-2.91452,-0.96615,0.23502,1.40373,2.17152,0
-3.82633,-0.95977,-2.44648,1.89045,4.88504,0.17531,-0.16197,0.15851,-0.44329,2.40804,0.71652,2.34107,0
-1.05411,-1.91146,-3.79924,1.32824,0.05415,1.72439,0.46218,2.11879,-2.39195,1.94112,0.30866,-0.75074,0
-2.56017,0.02135,-1.46331,6.79843,3.56568,-1.64602,1.9264,1.41743,0.81599,-2.32856,6.09848,2.46313,1
-2.66938,0.30562,-1.64213,5.08471,1.63391,-2.94851,1.29684,4.35672,-0.26355,1.97485,0.96047,2.44443,0
1.63781,-0.36461,-1.58371,3.28389,2.20476,-3.2076,-1.54369,4.8707,1.0704,-0.39654,0.38941,1.98778,0
-1.0478,-2.32059,-1.37893,3.31337,3.67034,-1.20136,0.43004,-1.43577,-0.22367,0.8685,1.20823,2.47569,0
1.14048,0.75739,5.17923,0.51455,1.98001,-0.91405,1.86396,1.11597,1.61675,-1.30105,-1.48705,3.65851,0
4.04078,-1.32208,-1.96255,1.6261,-5.5726,-0.64296,0.71392,2.67782,-3.37955,0.22316,-0.12306,-0.65494,0
0.33122,0.83024,0.47289,-0.15487,1.91398,-0.86324,-0.96824,0.84005,1.05125,-0.48395,0.56246,1.73063,0
3.98623,-0.50383,1.21288,0.27067,0.98044,-0.86047,-0.61877,2.48698,-0.72243,-0.85428,-0.82324,3.96151,0
1.64321,-1.65718,-2.65956,0.97457,2.90975,-0.44159,-2.7295,0.20205,0.21239,-1.21394,0.95452,0.70098,0
-6.81931,1.85906,-6.18433,6.12054,9.16252,0.6564,-3.59185,0.76701,-0.30291,-3.98666,7.34538,3.49689,1
1.87391,-2.24758,-1.20421,4.30981,-2.08659,-3.3075,2.06894,0.78594,-0.79862,1.40171,1.45411,0.7028,0
-2.92404,-0.841,-0.83967,6.13148,1.23969,-2.68197,2.56966,2.34753,0.33411,1.00601,1.11904,0.83006,0
1.29079,-1.65716,0.97928,0.31979,4.89361,0.78705,-0.21081,-0.52782,3.07378,-2.60303,2.00586,0.5856,0
2.64859,0.50741,3.2048,-1.85061,2.87289,1.81569,-0.15611,2.96718,1.69477,-2.70691,-0.72528,2.12821,0
-1.27417,-1.19231,0.03405,2.70237,1.96208,-1.34065,0.25546,-0.3773,0.59927,0.02488,-1.01256,0.37918,0
-0.86386,-2.22831,-0.85737,2.25581,3.86524,-0.32311,-0.03718,1.32338,2.56906,-0.53269,-0.13388,-1.43088,1
1.1269,-0.48352,-2.67389,1.01673,-1.25805,0.95162,-1.6377,1.07368,-2.33969,-1.57019,0.12649,-0.67919,0
-1.40572,0.79953,0.88415,4.42461,-0.56792,-3.27053,2.16578,2.63019,0.27625,0.65123,0.41712,1.63955,0
1.28116,1.06745,-2.66529,-0.33559,-0.63864,-1.50529,-3.03728,1.80126,-0.80699,0.16915,0.51028,0.61046,0
-2.10596,0.1624,-0.07939,-0.3981,4.25781,-0.88064,-0.88922,5.04098,3.87479,1.89899,-2.39029,-1.14627,1
-0.68997,-1.83421,-1.72667,1.96792,2.08753,-1.12918,0.68184,-1.90653,-0.64904,1.97692,2.09918,2.25118,0
2.31158,-0.35676,-1.05555,1.25508,0.06939,-2.06788,-1.1946,1.35854,-0.16618,-0.25397,0.79741,1.58867,0
-1.34136,-2.19592,0.37769,4.56395,5.19382,-0.73281,0.55137,0.74659,1.6171,-1.82672,-0.36158,1.26593,0
-1.09445,-2.36434,1.01098,5.22461,4.11502,-0.03333,1.07614,1.98295,0.64562,-2.54223,-2.16225,0.84986,0
-0.53838,-1.57466,-3.25042,0.22803,4.79733,-1.1904,-2.24654,3.47914,3.76369,1.45818,0.72191,-1.80064,1
1.48756,-0.45056,-1.40716,4.17626,-1.22736,-3.94606,-0.13787,3.66023,-0.92553,0.81686,-0.41521,1.75275,0
0.04001,-0.33562,-3.13037,0.97135,0.15052,-1.58098,-1.83183,-0.07748,0.21431,0.41219,1.82429,-0.85195,0
-2.44377,0.18851,-3.39949,2.41099,6.61962,0.07643,-2.99118,0.72957,-0.00662,-1.35463,2.83158,3.33551,1
-3.0153,3.36017,-0.02662,-2.97149,0.31511,-0.55651,-2.95555,-1.42211,2.33174,-0.22222,-0.55102,-2.4843,1
-2.75436,0.52544,-2.63461,3.65893,3.98027,-0.67872,-1.46461,0.45798,0.02093,-1.71996,3.0507,1.76902,1
-0.45929,1.63743,6.06342,-1.16597,0.89029,1.96457,2.99317,0.7074,1.52409,-2.07495,-1.5749,1.42385,0
-0.77077,1.89991,0.05747,-4.02914,0.95771,1.37577,-1.13723,1.90467,1.19397,1.48927,-0.3009,-0.27059,1
0.76742,1.12244,-1.01117,0.60604,-0.76772,-2.41633,-0.90729,1.36933,1.64561,-0.25773,2.31146,-0.67114,0
3.24207,-2.46792,3.3494,0.75222,6.6768,-0.32279,0.82154,0.01864,4.81456,-2.9961,2.06261,2.56651,0
-2.0064,3.98669,0.66723,2.01672,-2.83096,-0.4466,-0.55954,3.81369,-1.78966,-2.41997,-1.48531,0.12431,0
0.57761,1.41108,-1.06597,1.33177,-4.81743,-1.5272,1.24344,1.97725,-2.04024,1.04763,1.55355,-0.04372,0
-1.69587,-2.50476,-2.11869,0.38663,3.45847,2.40816,0.37814,1.22584,-0.75324,1.85751,-0.95551,0.11377,1
0.17944,0.66935,-5.32636,-0.39442,1.57417,-2.71233,-4.16269,-0.22169,1.90466,0.74196,4.91449,-0.9781,0
-3.80347,2.48921,0.4675,0.87787,3.42136,-0.80528,-1.56017,0.47375,1.31428,-0.85153,-0.3887,1.33811,0
1.53737,-3.75878,-4.66188,4.59261,-1.33474,-0.19436,1.21711,1.71651,-3.01059,0.81843,2.18301,-0.37865,0
-0.55594,-1.56169,-0.75864,4.56715,6.76171,-2.19253,-1.2249,1.25533,2.76422,-2.25439,1.68345,2.36352,1
-0.33922,-1.86334,-3.43421,3.50105,1.59499,-0.10344,-0.6005,1.66081,-1.48593,-0.28201,1.05129,0.48074,0
1.34773,-1.06482,-0.14247,1.03535,0.98205,-1.22612,-0.17975,-1.10257,1.65088,-1.13328,1.86499,-0.33904,0
1.20595,1.53489,-1.70551,-4.14529,-2.1669,-0.05548,-1.58923,1.68528,0.48249,2.39636,0.86175,-1.42662,1
-0.71141,-3.59679,-0.83196,2.5533,7.03995,-0.45005,-1.61157,-4.79982,0.27019,-0.7127,-0.27398,3.30201,0
0.96483,1.29421,-2.84315,-0.68678,-3.42057,1.68271,-1.83816,3.37419,-3.28227,-0.78386,-0.58098,-1.13054,0
0.53034,-0.43456,-3.10784,2.28006,1.36353,-2.58024,-1.6305,1.44708,1.17397,-0.01488,2.94588,0.0652,0
-2.50857,1.08007,0.65575,3.6935,1.84773,-1.5344,0.11129,0.28008,-0.28791,-1.36507,-0.15284,2.20355,0
-0.6392,-2.04512,-3.65683,3.9631,3.65997,-0.96479,-1.79861,2.07599,0.24105,-0.88936,0.77168,0.05165,1
1.58384,-1.85156,3.24652,4.73636,0.15785,-3.31689,2.88749,0.95798,0.76041,-0.46773,-1.78804,2.20638,0
-2.74068,-0.45061,-0.473,5.32307,-0.56091,-3.25812,0.85312,-2.56668,-0.12772,-0.52663,0.29674,-0.56091,1
0.70571,0.10336,-1.07543,-0.18449,4.36835,-0.99068,-2.03828,1.37036,3.18795,-1.07575,2.8493,0.81984,0
1.12914,-0.29693,-4.96287,0.65224,3.05162,-1.6765,-3.60037,2.70509,0.96411,0.33998,3.61366,0.85395,0
-1.43997,-2.19393,-0.25871,4.80344,5.57658,-0.8888,1.24542,1.28116,1.36754,-0.78927,1.37004,2.46905,1
-2.31255,-0.27295,-2.78874,-0.88677,5.49072,0.39711,-4.16158,-0.41365,0.69774,0.50235,-1.32473,0.68706,1
-0.42252,-2.2122,-0.66685,3.53643,3.53522,-1.95918,0.37026,-1.15119,2.18464,-0.69291,1.91512,0.31623,0
1.5488,-2.96598,-2.50523,2.75698,-1.02292,-0.15686,1.16702,0.32955,-2.6287,1.17077,0.74195,0.72609,0
-0.82641,0.3824,0.21831,2.83195,-0.65512,-1.76985,0.95828,1.97794,-0.07898,0.05873,-0.38964,0.37014,0
0.22039,-1.88773,-0.23622,6.70012,2.26995,-5.31601,1.66691,1.73596,0.47535,1.3832,0.97743,4.09707,0
2.01941,-2.04369,-5.42461,0.07436,4.04128,-0.45138,-4.43512,-0.95733,0.53185,-0.80542,3.83504,0.47678,0
0.76741,-1.56454,-1.53093,1.91536,0.20363,-1.81502,0.51545,0.94519,-0.57321,2.0137,0.53128,1.27704,0
-0.19881,1.50943,2.75444,-1.63674,-2.55753,2.77157,2.07185,-0.2171,-1.43542,-1.25299,-0.66594,-0.13898,1
-2.11684,-5.71604,-6.45308,11.6141,5.73224,-4.68985,-0.59061,1.66389,-0.88454,0.53872,1.11702,1.70959,0
-1.3296,-3.05413,-6.08359,6.35428,3.70703,-0.46563,-2.75845,2.61419,-1.66969,-1.84587,0.17403,-0.59075,1
2.52625,-0.39253,2.21486,-1.72633,6.13215,2.07106,-1.13122,1.4296,3.0777,-3.5783,1.48821,2.53889,0
0.29877,0.77679,-1.16385,2.79101,-0.95232,-3.43727,-0.57842,2.63598,-0.32741,0.73029,0.24136,1.3432,0
-2.12575,-1.88643,-4.48419,2.57204,3.21424,-1.14845,-0.46381,1.21392,0.29343,2.69253,2.4023,0.22231,0
-1.85419,3.50014,-2.30619,-2.22119,-3.54695,0.98335,-0.78353,4.13533,-1.43112,1.72591,0.6261,-1.7621,0
2.56013,-2.8812,-2.49843,-1.17373,9.57716,2.8385,-3.97478,0.01318,3.39869,-4.05097,3.83272,1.25126,0
2.17681,2.95903,-1.669,-3.33926,-2.66597,-0.8011,-3.35016,2.01598,-1.89679,0.92176,0.07327,1.65431,0
-0.47808,-0.01915,-0.4644,1.88054,1.0071,-1.74215,0.64141,2.96483,0.18869,1.65592,0.01039,1.73965,0
1.47586,1.80494,3.25683,-3.24019,-4.41085,-1.8315,1.05169,-0.9848,2.4809,1.0514,-0.91538,-2.65709,1
